0001_0017_0079_0093_0093.jpg 1 17 79 93 93
0002_0085_0020_0105_0105.jpg 1 85 20 105 105
0003_0017_0011_0133_0133.jpg 1 17 11 133 133
0004_0064_0062_0095_0095.jpg 1 64 62 95 95
0005_0035_0041_0137_0137.jpg 1 35 41 137 137
0006_0062_0091_0078_0078.jpg 1 62 91 78 78
0007_0093_0027_0069_0069.jpg 1 93 27 69 69
0008_0086_0023_0098_0098.jpg 1 86 23 98 98
0009_0079_0095_0088_0088.jpg 1 79 95 88 88
0010_0053_0017_0116_0116.jpg 1 53 17 116 116
0011_0035_0043_0126_0126.jpg 1 35 43 126 126
0012_0017_0062_0119_0119.jpg 1 17 62 119 119
0013_0045_0054_0116_0116.jpg 1 45 54 116 116
0014_0046_0044_0122_0122.jpg 1 46 44 122 122
0015_0036_0059_0124_0124.jpg 1 36 59 124 124
0016_0035_0101_0067_0067.jpg 1 35 101 67 67
0017_0019_0099_0087_0087.jpg 1 19 99 87 87
0018_0063_0075_0085_0085.jpg 1 63 75 85 85
0019_0041_0016_0115_0115.jpg 1 41 16 115 115
0020_0085_0090_0061_0061.jpg 1 85 90 61 61
0021_0053_0054_0132_0132.jpg 1 53 54 132 132
0022_0036_0038_0051_0051.jpg 1 36 38 51 51
0023_0094_0066_0091_0091.jpg 1 94 66 91 91
0024_0040_0093_0090_0090.jpg 1 40 93 90 90
0025_0037_0026_0112_0112.jpg 1 37 26 112 112
0026_0060_0043_0061_0061.jpg 1 60 43 61 61
0027_0056_0030_0113_0113.jpg 1 56 30 113 113
0028_0076_0058_0103_0103.jpg 1 76 58 103 103
0029_0044_0072_0065_0065.jpg 1 44 72 65 65
0030_0074_0093_0072_0072.jpg 1 74 93 72 72
0031_0021_0019_0084_0084.jpg 1 21 19 84 84
0032_0012_0055_0136_0136.jpg 1 12 55 136 136
0033_0019_0060_0073_0073.jpg 1 19 60 73 73
0034_0027_0035_0112_0112.jpg 1 27 35 112 112
0035_0017_0071_0107_0107.jpg 1 17 71 107 107
0036_0035_0071_0061_0061.jpg 1 35 71 61 61
0037_0043_0017_0135_0135.jpg 1 43 17 135 135
0038_0018_0078_0093_0093.jpg 1 18 78 93 93
0039_0106_0109_0057_0057.jpg 1 106 109 57 57
0040_0029_0037_0111_0111.jpg 1 29 37 111 111
0041_0029_0066_0101_0101.jpg 1 29 66 101 101
0042_0040_0108_0058_0058.jpg 1 40 108 58 58
0043_0071_0081_0073_0073.jpg 1 71 81 73 73
0044_0051_0033_0071_0071.jpg 1 51 33 71 71
0045_0074_0075_0082_0082.jpg 1 74 75 82 82
0046_0107_0055_0050_0050.jpg 1 107 55 50 50
0047_0020_0029_0137_0137.jpg 1 20 29 137 137
0048_0071_0063_0055_0055.jpg 1 71 63 55 55
0049_0078_0056_0061_0061.jpg 1 78 56 61 61
0050_0024_0069_0052_0052.jpg 1 24 69 52 52
0051_0053_0040_0133_0133.jpg 1 53 40 133 133
0052_0046_0022_0073_0073.jpg 1 46 22 73 73
0053_0040_0016_0134_0134.jpg 1 40 16 134 134
0054_0051_0044_0082_0082.jpg 1 51 44 82 82
0055_0030_0053_0125_0125.jpg 1 30 53 125 125
0056_0034_0018_0082_0082.jpg 1 34 18 82 82
0057_0070_0015_0120_0120.jpg 1 70 15 120 120
0058_0074_0024_0067_0067.jpg 1 74 24 67 67
0059_0081_0039_0097_0097.jpg 1 81 39 97 97
0060_0054_0052_0138_0138.jpg 1 54 52 138 138
0061_0021_0050_0070_0070.jpg 1 21 50 70 70
0062_0105_0088_0079_0079.jpg 1 105 88 79 79
0063_0041_0013_0127_0127.jpg 1 41 13 127 127
0064_0040_0036_0107_0107.jpg 1 40 36 107 107
0065_0053_0038_0084_0084.jpg 1 53 38 84 84
0066_0016_0025_0138_0138.jpg 1 16 25 138 138
0067_0066_0116_0067_0067.jpg 1 66 116 67 67
0068_0041_0036_0129_0129.jpg 1 41 36 129 129
0069_0012_0032_0098_0098.jpg 1 12 32 98 98
0070_0078_0086_0074_0074.jpg 1 78 86 74 74
0071_0028_0055_0051_0051.jpg 1 28 55 51 51
0072_0021_0082_0087_0087.jpg 1 21 82 87 87
0073_0053_0058_0127_0127.jpg 1 53 58 127 127
0074_0065_0059_0127_0127.jpg 1 65 59 127 127
0075_0034_0034_0131_0131.jpg 1 34 34 131 131
0076_0026_0016_0111_0111.jpg 1 26 16 111 111
0077_0074_0113_0064_0064.jpg 1 74 113 64 64
0078_0131_0015_0048_0048.jpg 1 131 15 48 48
0079_0044_0019_0086_0086.jpg 1 44 19 86 86
0080_0060_0050_0099_0099.jpg 1 60 50 99 99
0081_0051_0074_0103_0103.jpg 1 51 74 103 103
0082_0062_0040_0113_0113.jpg 1 62 40 113 113
0083_0065_0045_0117_0117.jpg 1 65 45 117 117
0084_0070_0061_0070_0070.jpg 1 70 61 70 70
0085_0018_0102_0081_0081.jpg 1 18 102 81 81
0086_0046_0055_0130_0130.jpg 1 46 55 130 130
0087_0030_0065_0092_0092.jpg 1 30 65 92 92
0088_0044_0067_0058_0058.jpg 1 44 67 58 58
0089_0041_0090_0055_0055.jpg 1 41 90 55 55
0090_0068_0031_0098_0098.jpg 1 68 31 98 98
0091_0055_0092_0053_0053.jpg 1 55 92 53 53
0092_0033_0101_0056_0056.jpg 1 33 101 56 56
0093_0096_0118_0052_0052.jpg 1 96 118 52 52
0094_0034_0032_0136_0136.jpg 1 34 32 136 136
0095_0085_0014_0062_0062.jpg 1 85 14 62 62
0096_0025_0055_0104_0104.jpg 1 25 55 104 104
0097_0046_0023_0111_0111.jpg 1 46 23 111 111
0098_0093_0129_0048_0048.jpg 1 93 129 48 48
0099_0028_0020_0130_0130.jpg 1 28 20 130 130
0100_0102_0036_0050_0050.jpg 1 102 36 50 50
0101_0067_0019_0075_0075.jpg 1 67 19 75 75
0102_0091_0078_0080_0080.jpg 1 91 78 80 80
0103_0091_0087_0088_0088.jpg 1 91 87 88 88
0104_0044_0021_0078_0078.jpg 1 44 21 78 78
0105_0050_0022_0127_0127.jpg 1 50 22 127 127
0106_0017_0052_0077_0077.jpg 1 17 52 77 77
0107_0015_0032_0136_0136.jpg 1 15 32 136 136
0108_0073_0109_0068_0068.jpg 1 73 109 68 68
0109_0078_0078_0096_0096.jpg 1 78 78 96 96
0110_0033_0011_0088_0088.jpg 1 33 11 88 88
0111_0080_0101_0081_0081.jpg 1 80 101 81 81
0112_0079_0101_0068_0068.jpg 1 79 101 68 68
0113_0018_0020_0131_0131.jpg 1 18 20 131 131
0114_0015_0052_0133_0133.jpg 1 15 52 133 133
0115_0025_0056_0066_0066.jpg 1 25 56 66 66
0116_0047_0070_0083_0083.jpg 1 47 70 83 83
0117_0017_0075_0091_0091.jpg 1 17 75 91 91
0118_0024_0098_0066_0066.jpg 1 24 98 66 66
0119_0011_0021_0130_0130.jpg 1 11 21 130 130
0120_0050_0081_0053_0053.jpg 1 50 81 53 53
0121_0034_0113_0073_0073.jpg 1 34 113 73 73
0122_0034_0087_0056_0056.jpg 1 34 87 56 56
0123_0061_0065_0126_0126.jpg 1 61 65 126 126
0124_0016_0048_0113_0113.jpg 1 16 48 113 113
0125_0024_0026_0091_0091.jpg 1 24 26 91 91
0126_0055_0069_0085_0085.jpg 1 55 69 85 85
0127_0043_0072_0089_0089.jpg 1 43 72 89 89
0128_0087_0015_0101_0101.jpg 1 87 15 101 101
0129_0015_0022_0134_0134.jpg 1 15 22 134 134
0130_0037_0064_0094_0094.jpg 1 37 64 94 94
0131_0053_0015_0113_0113.jpg 1 53 15 113 113
0132_0080_0033_0055_0055.jpg 1 80 33 55 55
0133_0027_0097_0064_0064.jpg 1 27 97 64 64
0134_0013_0067_0109_0109.jpg 1 13 67 109 109
0135_0051_0115_0053_0053.jpg 1 51 115 53 53
0136_0035_0057_0099_0099.jpg 1 35 57 99 99
0137_0088_0059_0096_0096.jpg 1 88 59 96 96
0138_0014_0030_0090_0090.jpg 1 14 30 90 90
0139_0070_0049_0076_0076.jpg 1 70 49 76 76
0140_0096_0097_0071_0071.jpg 1 96 97 71 71
0141_0077_0043_0092_0092.jpg 1 77 43 92 92
0142_0054_0041_0131_0131.jpg 1 54 41 131 131
0143_0015_0017_0100_0100.jpg 1 15 17 100 100
0144_0044_0019_0091_0091.jpg 1 44 19 91 91
0145_0035_0021_0065_0065.jpg 1 35 21 65 65
0146_0064_0034_0120_0120.jpg 1 64 34 120 120
0147_0010_0013_0134_0134.jpg 1 10 13 134 134
0148_0099_0056_0051_0051.jpg 1 99 56 51 51
0149_0092_0106_0080_0080.jpg 1 92 106 80 80
0150_0061_0115_0066_0066.jpg 1 61 115 66 66
0151_0027_0011_0120_0120.jpg 1 27 11 120 120
0152_0087_0069_0065_0065.jpg 1 87 69 65 65
0153_0072_0054_0081_0081.jpg 1 72 54 81 81
0154_0024_0050_0105_0105.jpg 1 24 50 105 105
0155_0077_0061_0101_0101.jpg 1 77 61 101 101
0156_0087_0106_0078_0078.jpg 1 87 106 78 78
0157_0019_0077_0052_0052.jpg 1 19 77 52 52
0158_0087_0095_0073_0073.jpg 1 87 95 73 73
0159_0066_0127_0051_0051.jpg 1 66 127 51 51
0160_0029_0078_0108_0108.jpg 1 29 78 108 108
0161_0115_0055_0055_0055.jpg 1 115 55 55 55
0162_0030_0036_0130_0130.jpg 1 30 36 130 130
0163_0042_0020_0126_0126.jpg 1 42 20 126 126
0164_0046_0122_0064_0064.jpg 1 46 122 64 64
0165_0030_0021_0133_0133.jpg 1 30 21 133 133
0166_0058_0112_0068_0068.jpg 1 58 112 68 68
0167_0032_0080_0064_0064.jpg 1 32 80 64 64
0168_0051_0055_0090_0090.jpg 1 51 55 90 90
0169_0051_0061_0118_0118.jpg 1 51 61 118 118
0170_0045_0026_0111_0111.jpg 1 45 26 111 111
0171_0083_0104_0082_0082.jpg 1 83 104 82 82
0172_0098_0065_0065_0065.jpg 1 98 65 65 65
0173_0117_0065_0060_0060.jpg 1 117 65 60 60
0174_0045_0030_0126_0126.jpg 1 45 30 126 126
0175_0109_0118_0053_0053.jpg 1 109 118 53 53
0176_0060_0065_0088_0088.jpg 1 60 65 88 88
0177_0044_0033_0048_0048.jpg 1 44 33 48 48
0178_0056_0029_0134_0134.jpg 1 56 29 134 134
0179_0059_0026_0128_0128.jpg 1 59 26 128 128
0180_0054_0070_0104_0104.jpg 1 54 70 104 104
0181_0065_0107_0076_0076.jpg 1 65 107 76 76
0182_0075_0029_0092_0092.jpg 1 75 29 92 92
0183_0017_0016_0130_0130.jpg 1 17 16 130 130
0184_0064_0054_0106_0106.jpg 1 64 54 106 106
0185_0064_0040_0112_0112.jpg 1 64 40 112 112
0186_0015_0020_0117_0117.jpg 1 15 20 117 117
0187_0064_0044_0066_0066.jpg 1 64 44 66 66
0188_0025_0030_0107_0107.jpg 1 25 30 107 107
0189_0035_0115_0066_0066.jpg 1 35 115 66 66
0190_0086_0055_0094_0094.jpg 1 86 55 94 94
0191_0025_0063_0087_0087.jpg 1 25 63 87 87
0192_0084_0086_0104_0104.jpg 1 84 86 104 104
0193_0056_0037_0116_0116.jpg 1 56 37 116 116
0194_0114_0095_0065_0065.jpg 1 114 95 65 65
0195_0086_0035_0079_0079.jpg 1 86 35 79 79
0196_0022_0044_0119_0119.jpg 1 22 44 119 119
0197_0082_0068_0088_0088.jpg 1 82 68 88 88
0198_0072_0013_0080_0080.jpg 1 72 13 80 80
0199_0059_0031_0094_0094.jpg 1 59 31 94 94
0200_0029_0035_0137_0137.jpg 1 29 35 137 137
0201_0063_0076_0077_0077.jpg 1 63 76 77 77
0202_0048_0039_0094_0094.jpg 1 48 39 94 94
0203_0038_0090_0054_0054.jpg 1 38 90 54 54
0204_0052_0074_0078_0078.jpg 1 52 74 78 78
0205_0099_0022_0079_0079.jpg 1 99 22 79 79
0206_0065_0041_0098_0098.jpg 1 65 41 98 98
0207_0018_0021_0051_0051.jpg 1 18 21 51 51
0208_0074_0024_0053_0053.jpg 1 74 24 53 53
0209_0052_0040_0086_0086.jpg 1 52 40 86 86
0210_0082_0038_0077_0077.jpg 1 82 38 77 77
0211_0046_0026_0073_0073.jpg 1 46 26 73 73
0212_0054_0014_0087_0087.jpg 1 54 14 87 87
0213_0050_0062_0123_0123.jpg 1 50 62 123 123
0214_0074_0067_0094_0094.jpg 1 74 67 94 94
0215_0047_0030_0139_0139.jpg 1 47 30 139 139
0216_0026_0013_0132_0132.jpg 1 26 13 132 132
0217_0021_0052_0126_0126.jpg 1 21 52 126 126
0218_0093_0037_0094_0094.jpg 1 93 37 94 94
0219_0076_0019_0066_0066.jpg 1 76 19 66 66
0220_0072_0088_0100_0100.jpg 1 72 88 100 100
0221_0088_0077_0075_0075.jpg 1 88 77 75 75
0222_0014_0056_0116_0116.jpg 1 14 56 116 116
0223_0073_0072_0053_0053.jpg 1 73 72 53 53
0224_0020_0093_0061_0061.jpg 1 20 93 61 61
0225_0061_0020_0104_0104.jpg 1 61 20 104 104
0226_0074_0102_0073_0073.jpg 1 74 102 73 73
0227_0015_0022_0135_0135.jpg 1 15 22 135 135
0228_0015_0025_0096_0096.jpg 1 15 25 96 96
0229_0019_0097_0072_0072.jpg 1 19 97 72 72
0230_0078_0025_0066_0066.jpg 1 78 25 66 66
0231_0057_0110_0066_0066.jpg 1 57 110 66 66
0232_0030_0074_0116_0116.jpg 1 30 74 116 116
0233_0067_0082_0089_0089.jpg 1 67 82 89 89
0234_0030_0026_0108_0108.jpg 1 30 26 108 108
0235_0028_0066_0055_0055.jpg 1 28 66 55 55
0236_0046_0039_0130_0130.jpg 1 46 39 130 130
0237_0087_0064_0088_0088.jpg 1 87 64 88 88
0238_0044_0032_0076_0076.jpg 1 44 32 76 76
0239_0022_0067_0099_0099.jpg 1 22 67 99 99
0240_0067_0036_0085_0085.jpg 1 67 36 85 85
0241_0054_0052_0122_0122.jpg 1 54 52 122 122
0242_0027_0077_0109_0109.jpg 1 27 77 109 109
0243_0051_0042_0092_0092.jpg 1 51 42 92 92
0244_0016_0055_0112_0112.jpg 1 16 55 112 112
0245_0033_0104_0057_0057.jpg 1 33 104 57 57
0246_0070_0069_0102_0102.jpg 1 70 69 102 102
0247_0064_0097_0062_0062.jpg 1 64 97 62 62
0248_0007_0042_0135_0135.jpg 1 7 42 135 135
0249_0057_0038_0119_0119.jpg 1 57 38 119 119
0250_0049_0044_0138_0138.jpg 1 49 44 138 138
0251_0026_0086_0057_0057.jpg 1 26 86 57 57
0252_0074_0061_0088_0088.jpg 1 74 61 88 88
0253_0050_0087_0099_0099.jpg 1 50 87 99 99
0254_0017_0034_0078_0078.jpg 1 17 34 78 78
0255_0032_0098_0085_0085.jpg 1 32 98 85 85
0256_0058_0068_0076_0076.jpg 1 58 68 76 76
