0001_0111_0024_0059_0059.jpg 1 111 24 59 59
0002_0056_0017_0111_0111.jpg 1 56 17 111 111
0003_0009_0029_0122_0122.jpg 1 9 29 122 122
0004_0052_0022_0138_0138.jpg 1 52 22 138 138
0005_0052_0070_0112_0112.jpg 1 52 70 112 112
0006_0084_0060_0062_0062.jpg 1 84 60 62 62
0007_0103_0066_0048_0048.jpg 1 103 66 48 48
0008_0065_0018_0119_0119.jpg 1 65 18 119 119
0009_0064_0083_0090_0090.jpg 1 64 83 90 90
0010_0052_0104_0065_0065.jpg 1 52 104 65 65
0011_0040_0086_0103_0103.jpg 1 40 86 103 103
0012_0094_0051_0090_0090.jpg 1 94 51 90 90
0013_0072_0051_0095_0095.jpg 1 72 51 95 95
0014_0051_0019_0087_0087.jpg 1 51 19 87 87
0015_0031_0021_0100_0100.jpg 1 31 21 100 100
0016_0071_0049_0117_0117.jpg 1 71 49 117 117
0017_0031_0085_0079_0079.jpg 1 31 85 79 79
0018_0028_0049_0128_0128.jpg 1 28 49 128 128
0019_0036_0017_0125_0125.jpg 1 36 17 125 125
0020_0052_0050_0135_0135.jpg 1 52 50 135 135
0021_0089_0031_0059_0059.jpg 1 89 31 59 59
0022_0065_0016_0069_0069.jpg 1 65 16 69 69
0023_0051_0025_0107_0107.jpg 1 51 25 107 107
0024_0056_0026_0135_0135.jpg 1 56 26 135 135
0025_0043_0053_0121_0121.jpg 1 43 53 121 121
0026_0041_0045_0114_0114.jpg 1 41 45 114 114
0027_0027_0018_0059_0059.jpg 1 27 18 59 59
0028_0055_0038_0080_0080.jpg 1 55 38 80 80
0029_0012_0018_0083_0083.jpg 1 12 18 83 83
0030_0027_0082_0079_0079.jpg 1 27 82 79 79
0031_0020_0053_0121_0121.jpg 1 20 53 121 121
0032_0085_0049_0072_0072.jpg 1 85 49 72 72
0033_0057_0014_0106_0106.jpg 1 57 14 106 106
0034_0094_0087_0074_0074.jpg 1 94 87 74 74
0035_0072_0058_0050_0050.jpg 1 72 58 50 50
0036_0028_0044_0128_0128.jpg 1 28 44 128 128
0037_0042_0038_0133_0133.jpg 1 42 38 133 133
0038_0078_0036_0103_0103.jpg 1 78 36 103 103
0039_0095_0024_0071_0071.jpg 1 95 24 71 71
0040_0102_0111_0074_0074.jpg 1 102 111 74 74
0041_0086_0056_0083_0083.jpg 1 86 56 83 83
0042_0067_0027_0101_0101.jpg 1 67 27 101 101
0043_0055_0044_0134_0134.jpg 1 55 44 134 134
0044_0082_0120_0053_0053.jpg 1 82 120 53 53
0045_0015_0071_0083_0083.jpg 1 15 71 83 83
0046_0016_0024_0120_0120.jpg 1 16 24 120 120
0047_0074_0050_0097_0097.jpg 1 74 50 97 97
0048_0080_0062_0095_0095.jpg 1 80 62 95 95
0049_0028_0040_0128_0128.jpg 1 28 40 128 128
0050_0108_0030_0068_0068.jpg 1 108 30 68 68
0051_0040_0085_0075_0075.jpg 1 40 85 75 75
0052_0069_0085_0099_0099.jpg 1 69 85 99 99
0053_0090_0065_0076_0076.jpg 1 90 65 76 76
0054_0011_0055_0135_0135.jpg 1 11 55 135 135
0055_0079_0045_0081_0081.jpg 1 79 45 81 81
0056_0080_0035_0108_0108.jpg 1 80 35 108 108
0057_0064_0051_0125_0125.jpg 1 64 51 125 125
0058_0017_0032_0120_0120.jpg 1 17 32 120 120
0059_0107_0028_0068_0068.jpg 1 107 28 68 68
0060_0062_0073_0115_0115.jpg 1 62 73 115 115
0061_0038_0030_0139_0139.jpg 1 38 30 139 139
0062_0026_0042_0072_0072.jpg 1 26 42 72 72
0063_0093_0073_0076_0076.jpg 1 93 73 76 76
0064_0049_0075_0111_0111.jpg 1 49 75 111 111
0065_0085_0048_0081_0081.jpg 1 85 48 81 81
0066_0017_0019_0125_0125.jpg 1 17 19 125 125
0067_0083_0089_0081_0081.jpg 1 83 89 81 81
0068_0028_0045_0118_0118.jpg 1 28 45 118 118
0069_0062_0031_0086_0086.jpg 1 62 31 86 86
0070_0045_0048_0134_0134.jpg 1 45 48 134 134
0071_0012_0047_0133_0133.jpg 1 12 47 133 133
0072_0078_0028_0109_0109.jpg 1 78 28 109 109
0073_0036_0049_0123_0123.jpg 1 36 49 123 123
0074_0035_0018_0131_0131.jpg 1 35 18 131 131
0075_0091_0066_0082_0082.jpg 1 91 66 82 82
0076_0068_0065_0065_0065.jpg 1 68 65 65 65
0077_0093_0079_0084_0084.jpg 1 93 79 84 84
0078_0099_0026_0054_0054.jpg 1 99 26 54 54
0079_0042_0045_0105_0105.jpg 1 42 45 105 105
0080_0125_0129_0051_0051.jpg 1 125 129 51 51
0081_0063_0032_0118_0118.jpg 1 63 32 118 118
0082_0075_0121_0058_0058.jpg 1 75 121 58 58
0083_0058_0035_0074_0074.jpg 1 58 35 74 74
0084_0057_0041_0107_0107.jpg 1 57 41 107 107
0085_0066_0056_0063_0063.jpg 1 66 56 63 63
0086_0037_0013_0136_0136.jpg 1 37 13 136 136
0087_0041_0014_0136_0136.jpg 1 41 14 136 136
0088_0016_0107_0072_0072.jpg 1 16 107 72 72
0089_0087_0040_0050_0050.jpg 1 87 40 50 50
0090_0009_0051_0121_0121.jpg 1 9 51 121 121
0091_0056_0017_0118_0118.jpg 1 56 17 118 118
0092_0013_0021_0125_0125.jpg 1 13 21 125 125
0093_0089_0045_0084_0084.jpg 1 89 45 84 84
0094_0032_0019_0075_0075.jpg 1 32 19 75 75
0095_0029_0026_0108_0108.jpg 1 29 26 108 108
0096_0065_0013_0108_0108.jpg 1 65 13 108 108
0097_0053_0068_0075_0075.jpg 1 53 68 75 75
0098_0010_0024_0132_0132.jpg 1 10 24 132 132
0099_0050_0029_0096_0096.jpg 1 50 29 96 96
0100_0059_0014_0131_0131.jpg 1 59 14 131 131
0101_0031_0057_0082_0082.jpg 1 31 57 82 82
0102_0043_0057_0091_0091.jpg 1 43 57 91 91
0103_0046_0022_0117_0117.jpg 1 46 22 117 117
0104_0021_0028_0125_0125.jpg 1 21 28 125 125
0105_0023_0043_0058_0058.jpg 1 23 43 58 58
0106_0044_0063_0115_0115.jpg 1 44 63 115 115
0107_0021_0054_0072_0072.jpg 1 21 54 72 72
0108_0016_0057_0126_0126.jpg 1 16 57 126 126
0109_0024_0089_0089_0089.jpg 1 24 89 89 89
0110_0033_0088_0099_0099.jpg 1 33 88 99 99
0111_0043_0029_0139_0139.jpg 1 43 29 139 139
0112_0009_0037_0138_0138.jpg 1 9 37 138 138
0113_0072_0022_0093_0093.jpg 1 72 22 93 93
0114_0113_0085_0062_0062.jpg 1 113 85 62 62
0115_0024_0117_0066_0066.jpg 1 24 117 66 66
0116_0028_0031_0129_0129.jpg 1 28 31 129 129
0117_0085_0065_0060_0060.jpg 1 85 65 60 60
0118_0040_0057_0116_0116.jpg 1 40 57 116 116
0119_0066_0033_0107_0107.jpg 1 66 33 107 107
0120_0043_0066_0100_0100.jpg 1 43 66 100 100
0121_0064_0063_0109_0109.jpg 1 64 63 109 109
0122_0041_0097_0068_0068.jpg 1 41 97 68 68
0123_0029_0032_0082_0082.jpg 1 29 32 82 82
0124_0038_0048_0052_0052.jpg 1 38 48 52 52
0125_0034_0019_0137_0137.jpg 1 34 19 137 137
0126_0076_0051_0072_0072.jpg 1 76 51 72 72
0127_0052_0055_0109_0109.jpg 1 52 55 109 109
0128_0103_0097_0080_0080.jpg 1 103 97 80 80
0129_0024_0036_0113_0113.jpg 1 24 36 113 113
0130_0030_0032_0125_0125.jpg 1 30 32 125 125
0131_0101_0100_0082_0082.jpg 1 101 100 82 82
0132_0034_0051_0133_0133.jpg 1 34 51 133 133
0133_0015_0026_0068_0068.jpg 1 15 26 68 68
0134_0044_0082_0080_0080.jpg 1 44 82 80 80
0135_0037_0027_0055_0055.jpg 1 37 27 55 55
0136_0048_0046_0134_0134.jpg 1 48 46 134 134
0137_0073_0035_0118_0118.jpg 1 73 35 118 118
0138_0096_0102_0049_0049.jpg 1 96 102 49 49
0139_0066_0029_0058_0058.jpg 1 66 29 58 58
0140_0040_0063_0112_0112.jpg 1 40 63 112 112
0141_0032_0057_0115_0115.jpg 1 32 57 115 115
0142_0024_0081_0092_0092.jpg 1 24 81 92 92
0143_0065_0011_0124_0124.jpg 1 65 11 124 124
0144_0015_0075_0112_0112.jpg 1 15 75 112 112
0145_0039_0045_0055_0055.jpg 1 39 45 55 55
0146_0026_0066_0102_0102.jpg 1 26 66 102 102
0147_0105_0105_0080_0080.jpg 1 105 105 80 80
0148_0068_0097_0078_0078.jpg 1 68 97 78 78
0149_0026_0085_0070_0070.jpg 1 26 85 70 70
0150_0061_0044_0106_0106.jpg 1 61 44 106 106
0151_0034_0030_0129_0129.jpg 1 34 30 129 129
0152_0035_0048_0120_0120.jpg 1 35 48 120 120
0153_0044_0071_0074_0074.jpg 1 44 71 74 74
0154_0061_0009_0116_0116.jpg 1 61 9 116 116
0155_0093_0056_0079_0079.jpg 1 93 56 79 79
0156_0043_0016_0119_0119.jpg 1 43 16 119 119
0157_0063_0018_0096_0096.jpg 1 63 18 96 96
0158_0056_0062_0048_0048.jpg 1 56 62 48 48
0159_0056_0055_0055_0055.jpg 1 56 55 55 55
0160_0067_0022_0119_0119.jpg 1 67 22 119 119
0161_0034_0020_0130_0130.jpg 1 34 20 130 130
0162_0077_0029_0081_0081.jpg 1 77 29 81 81
0163_0084_0076_0091_0091.jpg 1 84 76 91 91
0164_0035_0056_0115_0115.jpg 1 35 56 115 115
0165_0039_0015_0072_0072.jpg 1 39 15 72 72
0166_0072_0073_0113_0113.jpg 1 72 73 113 113
0167_0055_0013_0087_0087.jpg 1 55 13 87 87
0168_0096_0096_0084_0084.jpg 1 96 96 84 84
0169_0084_0057_0104_0104.jpg 1 84 57 104 104
0170_0040_0027_0099_0099.jpg 1 40 27 99 99
0171_0032_0029_0138_0138.jpg 1 32 29 138 138
0172_0071_0063_0094_0094.jpg 1 71 63 94 94
0173_0086_0016_0074_0074.jpg 1 86 16 74 74
0174_0060_0101_0053_0053.jpg 1 60 101 53 53
0175_0088_0024_0074_0074.jpg 1 88 24 74 74
0176_0120_0076_0059_0059.jpg 1 120 76 59 59
0177_0016_0068_0082_0082.jpg 1 16 68 82 82
0178_0018_0074_0108_0108.jpg 1 18 74 108 108
0179_0019_0035_0134_0134.jpg 1 19 35 134 134
0180_0052_0115_0071_0071.jpg 1 52 115 71 71
0181_0081_0022_0070_0070.jpg 1 81 22 70 70
0182_0034_0057_0118_0118.jpg 1 34 57 118 118
0183_0058_0085_0085_0085.jpg 1 58 85 85 85
0184_0022_0076_0095_0095.jpg 1 22 76 95 95
0185_0055_0120_0064_0064.jpg 1 55 120 64 64
0186_0019_0037_0089_0089.jpg 1 19 37 89 89
0187_0061_0069_0089_0089.jpg 1 61 69 89 89
0188_0076_0044_0111_0111.jpg 1 76 44 111 111
0189_0053_0074_0110_0110.jpg 1 53 74 110 110
0190_0087_0061_0086_0086.jpg 1 87 61 86 86
0191_0033_0084_0094_0094.jpg 1 33 84 94 94
0192_0017_0014_0083_0083.jpg 1 17 14 83 83
0193_0042_0040_0114_0114.jpg 1 42 40 114 114
0194_0066_0062_0107_0107.jpg 1 66 62 107 107
0195_0087_0051_0056_0056.jpg 1 87 51 56 56
0196_0049_0032_0111_0111.jpg 1 49 32 111 111
0197_0036_0010_0130_0130.jpg 1 36 10 130 130
0198_0008_0038_0125_0125.jpg 1 8 38 125 125
0199_0016_0046_0103_0103.jpg 1 16 46 103 103
0200_0038_0040_0116_0116.jpg 1 38 40 116 116
0201_0043_0040_0139_0139.jpg 1 43 40 139 139
0202_0052_0050_0060_0060.jpg 1 52 50 60 60
0203_0050_0030_0109_0109.jpg 1 50 30 109 109
0204_0043_0073_0117_0117.jpg 1 43 73 117 117
0205_0037_0048_0051_0051.jpg 1 37 48 51 51
0206_0054_0028_0107_0107.jpg 1 54 28 107 107
0207_0064_0095_0078_0078.jpg 1 64 95 78 78
0208_0073_0092_0093_0093.jpg 1 73 92 93 93
0209_0061_0097_0084_0084.jpg 1 61 97 84 84
0210_0067_0030_0119_0119.jpg 1 67 30 119 119
0211_0088_0029_0073_0073.jpg 1 88 29 73 73
0212_0019_0080_0078_0078.jpg 1 19 80 78 78
0213_0080_0055_0083_0083.jpg 1 80 55 83 83
0214_0087_0026_0067_0067.jpg 1 87 26 67 67
0215_0087_0056_0087_0087.jpg 1 87 56 87 87
0216_0023_0071_0102_0102.jpg 1 23 71 102 102
0217_0052_0037_0090_0090.jpg 1 52 37 90 90
0218_0025_0026_0130_0130.jpg 1 25 26 130 130
0219_0079_0125_0059_0059.jpg 1 79 125 59 59
0220_0090_0087_0080_0080.jpg 1 90 87 80 80
0221_0049_0085_0063_0063.jpg 1 49 85 63 63
0222_0015_0057_0122_0122.jpg 1 15 57 122 122
0223_0053_0065_0126_0126.jpg 1 53 65 126 126
0224_0036_0034_0128_0128.jpg 1 36 34 128 128
0225_0050_0062_0068_0068.jpg 1 50 62 68 68
0226_0090_0033_0078_0078.jpg 1 90 33 78 78
0227_0069_0011_0121_0121.jpg 1 69 11 121 121
0228_0073_0016_0063_0063.jpg 1 73 16 63 63
0229_0074_0125_0056_0056.jpg 1 74 125 56 56
0230_0047_0020_0117_0117.jpg 1 47 20 117 117
0231_0045_0067_0106_0106.jpg 1 45 67 106 106
0232_0084_0041_0064_0064.jpg 1 84 41 64 64
0233_0086_0047_0050_0050.jpg 1 86 47 50 50
0234_0024_0039_0086_0086.jpg 1 24 39 86 86
0235_0051_0016_0135_0135.jpg 1 51 16 135 135
0236_0040_0047_0117_0117.jpg 1 40 47 117 117
0237_0086_0026_0063_0063.jpg 1 86 26 63 63
0238_0051_0027_0082_0082.jpg 1 51 27 82 82
0239_0029_0009_0136_0136.jpg 1 29 9 136 136
0240_0025_0038_0131_0131.jpg 1 25 38 131 131
0241_0064_0106_0068_0068.jpg 1 64 106 68 68
0242_0073_0101_0058_0058.jpg 1 73 101 58 58
0243_0049_0051_0106_0106.jpg 1 49 51 106 106
0244_0036_0015_0117_0117.jpg 1 36 15 117 117
0245_0049_0025_0134_0134.jpg 1 49 25 134 134
0246_0008_0039_0115_0115.jpg 1 8 39 115 115
0247_0072_0023_0063_0063.jpg 1 72 23 63 63
0248_0021_0038_0129_0129.jpg 1 21 38 129 129
0249_0041_0083_0103_0103.jpg 1 41 83 103 103
0250_0051_0039_0098_0098.jpg 1 51 39 98 98
0251_0082_0097_0073_0073.jpg 1 82 97 73 73
0252_0112_0047_0059_0059.jpg 1 112 47 59 59
0253_0053_0129_0056_0056.jpg 1 53 129 56 56
0254_0054_0026_0113_0113.jpg 1 54 26 113 113
0255_0043_0062_0058_0058.jpg 1 43 62 58 58
0256_0108_0031_0066_0066.jpg 1 108 31 66 66
