0001_0058_0013_0120_0120.jpg 1 58 13 120 120
0002_0046_0069_0084_0084.jpg 1 46 69 84 84
0003_0039_0105_0077_0077.jpg 1 39 105 77 77
0004_0071_0033_0063_0063.jpg 1 71 33 63 63
0005_0039_0032_0131_0131.jpg 1 39 32 131 131
0006_0058_0117_0064_0064.jpg 1 58 117 64 64
0007_0064_0056_0068_0068.jpg 1 64 56 68 68
0008_0026_0030_0123_0123.jpg 1 26 30 123 123
0009_0019_0066_0076_0076.jpg 1 19 66 76 76
0010_0052_0114_0051_0051.jpg 1 52 114 51 51
0011_0020_0033_0069_0069.jpg 1 20 33 69 69
0012_0071_0059_0080_0080.jpg 1 71 59 80 80
0013_0073_0090_0064_0064.jpg 1 73 90 64 64
0014_0080_0037_0068_0068.jpg 1 80 37 68 68
0015_0041_0051_0119_0119.jpg 1 41 51 119 119
0016_0082_0023_0052_0052.jpg 1 82 23 52 52
0017_0009_0012_0116_0116.jpg 1 9 12 116 116
0018_0038_0041_0072_0072.jpg 1 38 41 72 72
0019_0035_0052_0074_0074.jpg 1 35 52 74 74
0020_0067_0084_0098_0098.jpg 1 67 84 98 98
0021_0046_0078_0111_0111.jpg 1 46 78 111 111
0022_0037_0105_0066_0066.jpg 1 37 105 66 66
0023_0025_0098_0080_0080.jpg 1 25 98 80 80
0024_0048_0050_0138_0138.jpg 1 48 50 138 138
0025_0043_0076_0082_0082.jpg 1 43 76 82 82
0026_0029_0030_0094_0094.jpg 1 29 30 94 94
0027_0106_0087_0078_0078.jpg 1 106 87 78 78
0028_0033_0016_0127_0127.jpg 1 33 16 127 127
0029_0082_0048_0108_0108.jpg 1 82 48 108 108
0030_0030_0013_0118_0118.jpg 1 30 13 118 118
0031_0073_0115_0048_0048.jpg 1 73 115 48 48
0032_0019_0059_0076_0076.jpg 1 19 59 76 76
0033_0077_0027_0091_0091.jpg 1 77 27 91 91
0034_0100_0081_0070_0070.jpg 1 100 81 70 70
0035_0037_0012_0088_0088.jpg 1 37 12 88 88
0036_0045_0064_0056_0056.jpg 1 45 64 56 56
0037_0039_0013_0077_0077.jpg 1 39 13 77 77
0038_0046_0031_0120_0120.jpg 1 46 31 120 120
0039_0011_0044_0104_0104.jpg 1 11 44 104 104
0040_0023_0036_0062_0062.jpg 1 23 36 62 62
0041_0123_0097_0056_0056.jpg 1 123 97 56 56
0042_0008_0014_0124_0124.jpg 1 8 14 124 124
0043_0081_0032_0108_0108.jpg 1 81 32 108 108
0044_0056_0041_0082_0082.jpg 1 56 41 82 82
0045_0073_0115_0063_0063.jpg 1 73 115 63 63
0046_0061_0072_0107_0107.jpg 1 61 72 107 107
0047_0046_0027_0135_0135.jpg 1 46 27 135 135
0048_0016_0060_0131_0131.jpg 1 16 60 131 131
0049_0102_0037_0054_0054.jpg 1 102 37 54 54
0050_0069_0046_0113_0113.jpg 1 69 46 113 113
0051_0054_0047_0068_0068.jpg 1 54 47 68 68
0052_0102_0087_0052_0052.jpg 1 102 87 52 52
0053_0018_0087_0103_0103.jpg 1 18 87 103 103
0054_0027_0022_0119_0119.jpg 1 27 22 119 119
0055_0063_0019_0063_0063.jpg 1 63 19 63 63
0056_0027_0017_0089_0089.jpg 1 27 17 89 89
0057_0052_0010_0101_0101.jpg 1 52 10 101 101
0058_0064_0074_0096_0096.jpg 1 64 74 96 96
0059_0079_0042_0060_0060.jpg 1 79 42 60 60
0060_0029_0023_0093_0093.jpg 1 29 23 93 93
0061_0047_0021_0133_0133.jpg 1 47 21 133 133
0062_0122_0032_0048_0048.jpg 1 122 32 48 48
0063_0091_0026_0058_0058.jpg 1 91 26 58 58
0064_0083_0037_0095_0095.jpg 1 83 37 95 95
0065_0062_0026_0127_0127.jpg 1 62 26 127 127
0066_0007_0037_0134_0134.jpg 1 7 37 134 134
0067_0070_0025_0089_0089.jpg 1 70 25 89 89
0068_0016_0088_0089_0089.jpg 1 16 88 89 89
0069_0073_0067_0091_0091.jpg 1 73 67 91 91
0070_0013_0022_0139_0139.jpg 1 13 22 139 139
0071_0043_0035_0106_0106.jpg 1 43 35 106 106
0072_0047_0070_0111_0111.jpg 1 47 70 111 111
0073_0030_0059_0116_0116.jpg 1 30 59 116 116
0074_0112_0070_0052_0052.jpg 1 112 70 52 52
0075_0022_0053_0122_0122.jpg 1 22 53 122 122
0076_0095_0046_0056_0056.jpg 1 95 46 56 56
0077_0049_0015_0126_0126.jpg 1 49 15 126 126
0078_0051_0016_0119_0119.jpg 1 51 16 119 119
0079_0049_0072_0112_0112.jpg 1 49 72 112 112
0080_0065_0050_0077_0077.jpg 1 65 50 77 77
0081_0021_0021_0068_0068.jpg 1 21 21 68 68
0082_0045_0038_0100_0100.jpg 1 45 38 100 100
0083_0013_0049_0111_0111.jpg 1 13 49 111 111
0084_0050_0010_0115_0115.jpg 1 50 10 115 115
0085_0070_0087_0090_0090.jpg 1 70 87 90 90
0086_0083_0016_0051_0051.jpg 1 83 16 51 51
0087_0066_0017_0049_0049.jpg 1 66 17 49 49
0088_0017_0092_0081_0081.jpg 1 17 92 81 81
0089_0029_0028_0096_0096.jpg 1 29 28 96 96
0090_0079_0026_0085_0085.jpg 1 79 26 85 85
0091_0079_0031_0110_0110.jpg 1 79 31 110 110
0092_0032_0020_0136_0136.jpg 1 32 20 136 136
0093_0095_0041_0093_0093.jpg 1 95 41 93 93
0094_0052_0061_0127_0127.jpg 1 52 61 127 127
0095_0050_0041_0139_0139.jpg 1 50 41 139 139
0096_0037_0050_0116_0116.jpg 1 37 50 116 116
0097_0106_0041_0078_0078.jpg 1 106 41 78 78
0098_0096_0074_0073_0073.jpg 1 96 74 73 73
0099_0029_0058_0119_0119.jpg 1 29 58 119 119
0100_0027_0077_0106_0106.jpg 1 27 77 106 106
0101_0068_0056_0123_0123.jpg 1 68 56 123 123
0102_0014_0071_0075_0075.jpg 1 14 71 75 75
0103_0009_0055_0118_0118.jpg 1 9 55 118 118
0104_0043_0059_0096_0096.jpg 1 43 59 96 96
0105_0061_0092_0084_0084.jpg 1 61 92 84 84
0106_0054_0019_0102_0102.jpg 1 54 19 102 102
0107_0054_0011_0132_0132.jpg 1 54 11 132 132
0108_0057_0021_0063_0063.jpg 1 57 21 63 63
0109_0072_0040_0102_0102.jpg 1 72 40 102 102
0110_0021_0077_0102_0102.jpg 1 21 77 102 102
0111_0013_0039_0130_0130.jpg 1 13 39 130 130
0112_0067_0079_0053_0053.jpg 1 67 79 53 53
0113_0087_0067_0091_0091.jpg 1 87 67 91 91
0114_0118_0057_0060_0060.jpg 1 118 57 60 60
0115_0029_0011_0136_0136.jpg 1 29 11 136 136
0116_0022_0105_0054_0054.jpg 1 22 105 54 54
0117_0047_0017_0113_0113.jpg 1 47 17 113 113
0118_0058_0048_0111_0111.jpg 1 58 48 111 111
0119_0038_0050_0139_0139.jpg 1 38 50 139 139
0120_0123_0073_0055_0055.jpg 1 123 73 55 55
0121_0027_0084_0078_0078.jpg 1 27 84 78 78
0122_0075_0045_0106_0106.jpg 1 75 45 106 106
0123_0071_0107_0062_0062.jpg 1 71 107 62 62
0124_0017_0031_0110_0110.jpg 1 17 31 110 110
0125_0023_0100_0086_0086.jpg 1 23 100 86 86
0126_0066_0070_0056_0056.jpg 1 66 70 56 56
0127_0029_0069_0118_0118.jpg 1 29 69 118 118
0128_0012_0025_0102_0102.jpg 1 12 25 102 102
0129_0067_0046_0076_0076.jpg 1 67 46 76 76
0130_0068_0026_0110_0110.jpg 1 68 26 110 110
0131_0059_0046_0127_0127.jpg 1 59 46 127 127
0132_0016_0026_0132_0132.jpg 1 16 26 132 132
0133_0054_0037_0098_0098.jpg 1 54 37 98 98
0134_0077_0099_0081_0081.jpg 1 77 99 81 81
0135_0049_0054_0065_0065.jpg 1 49 54 65 65
0136_0045_0072_0118_0118.jpg 1 45 72 118 118
0137_0095_0054_0084_0084.jpg 1 95 54 84 84
0138_0050_0032_0072_0072.jpg 1 50 32 72 72
0139_0118_0034_0053_0053.jpg 1 118 34 53 53
0140_0026_0103_0067_0067.jpg 1 26 103 67 67
0141_0031_0028_0099_0099.jpg 1 31 28 99 99
0142_0076_0074_0110_0110.jpg 1 76 74 110 110
0143_0028_0075_0048_0048.jpg 1 28 75 48 48
0144_0008_0071_0117_0117.jpg 1 8 71 117 117
0145_0107_0106_0052_0052.jpg 1 107 106 52 52
0146_0026_0035_0135_0135.jpg 1 26 35 135 135
0147_0045_0034_0136_0136.jpg 1 45 34 136 136
0148_0042_0072_0100_0100.jpg 1 42 72 100 100
0149_0057_0078_0102_0102.jpg 1 57 78 102 102
0150_0008_0053_0123_0123.jpg 1 8 53 123 123
0151_0042_0093_0091_0091.jpg 1 42 93 91 91
0152_0049_0046_0079_0079.jpg 1 49 46 79 79
0153_0020_0089_0097_0097.jpg 1 20 89 97 97
0154_0107_0113_0059_0059.jpg 1 107 113 59 59
0155_0046_0046_0116_0116.jpg 1 46 46 116 116
0156_0053_0018_0117_0117.jpg 1 53 18 117 117
0157_0016_0018_0084_0084.jpg 1 16 18 84 84
0158_0049_0023_0088_0088.jpg 1 49 23 88 88
0159_0068_0114_0069_0069.jpg 1 68 114 69 69
0160_0029_0066_0085_0085.jpg 1 29 66 85 85
0161_0094_0053_0071_0071.jpg 1 94 53 71 71
0162_0010_0048_0114_0114.jpg 1 10 48 114 114
0163_0061_0012_0119_0119.jpg 1 61 12 119 119
0164_0117_0086_0060_0060.jpg 1 117 86 60 60
0165_0025_0041_0130_0130.jpg 1 25 41 130 130
0166_0027_0074_0079_0079.jpg 1 27 74 79 79
0167_0025_0059_0109_0109.jpg 1 25 59 109 109
0168_0038_0030_0096_0096.jpg 1 38 30 96 96
0169_0018_0023_0138_0138.jpg 1 18 23 138 138
0170_0060_0031_0053_0053.jpg 1 60 31 53 53
0171_0015_0026_0127_0127.jpg 1 15 26 127 127
0172_0077_0098_0066_0066.jpg 1 77 98 66 66
0173_0042_0051_0118_0118.jpg 1 42 51 118 118
0174_0042_0080_0064_0064.jpg 1 42 80 64 64
0175_0012_0010_0109_0109.jpg 1 12 10 109 109
0176_0044_0078_0106_0106.jpg 1 44 78 106 106
0177_0052_0083_0093_0093.jpg 1 52 83 93 93
0178_0013_0008_0135_0135.jpg 1 13 8 135 135
0179_0045_0050_0100_0100.jpg 1 45 50 100 100
0180_0027_0060_0129_0129.jpg 1 27 60 129 129
0181_0022_0058_0114_0114.jpg 1 22 58 114 114
0182_0023_0031_0131_0131.jpg 1 23 31 131 131
0183_0079_0061_0111_0111.jpg 1 79 61 111 111
0184_0037_0051_0076_0076.jpg 1 37 51 76 76
0185_0040_0022_0084_0084.jpg 1 40 22 84 84
0186_0013_0074_0071_0071.jpg 1 13 74 71 71
0187_0058_0011_0113_0113.jpg 1 58 11 113 113
0188_0049_0024_0124_0124.jpg 1 49 24 124 124
0189_0031_0066_0102_0102.jpg 1 31 66 102 102
0190_0057_0033_0128_0128.jpg 1 57 33 128 128
0191_0070_0035_0053_0053.jpg 1 70 35 53 53
0192_0012_0035_0114_0114.jpg 1 12 35 114 114
0193_0038_0076_0058_0058.jpg 1 38 76 58 58
0194_0028_0028_0130_0130.jpg 1 28 28 130 130
0195_0031_0099_0086_0086.jpg 1 31 99 86 86
0196_0099_0091_0061_0061.jpg 1 99 91 61 61
0197_0065_0073_0097_0097.jpg 1 65 73 97 97
0198_0071_0082_0058_0058.jpg 1 71 82 58 58
0199_0050_0043_0102_0102.jpg 1 50 43 102 102
0200_0059_0043_0060_0060.jpg 1 59 43 60 60
0201_0016_0024_0115_0115.jpg 1 16 24 115 115
0202_0088_0106_0048_0048.jpg 1 88 106 48 48
0203_0031_0039_0138_0138.jpg 1 31 39 138 138
0204_0064_0024_0121_0121.jpg 1 64 24 121 121
0205_0021_0047_0126_0126.jpg 1 21 47 126 126
0206_0063_0091_0089_0089.jpg 1 63 91 89 89
0207_0067_0071_0109_0109.jpg 1 67 71 109 109
0208_0064_0051_0122_0122.jpg 1 64 51 122 122
0209_0061_0018_0065_0065.jpg 1 61 18 65 65
0210_0058_0074_0107_0107.jpg 1 58 74 107 107
0211_0030_0062_0122_0122.jpg 1 30 62 122 122
0212_0028_0052_0114_0114.jpg 1 28 52 114 114
0213_0057_0085_0104_0104.jpg 1 57 85 104 104
0214_0056_0034_0095_0095.jpg 1 56 34 95 95
0215_0018_0029_0126_0126.jpg 1 18 29 126 126
0216_0083_0050_0091_0091.jpg 1 83 50 91 91
0217_0072_0064_0081_0081.jpg 1 72 64 81 81
0218_0068_0051_0124_0124.jpg 1 68 51 124 124
0219_0043_0106_0071_0071.jpg 1 43 106 71 71
0220_0089_0070_0066_0066.jpg 1 89 70 66 66
0221_0072_0093_0094_0094.jpg 1 72 93 94 94
0222_0018_0020_0104_0104.jpg 1 18 20 104 104
0223_0030_0025_0111_0111.jpg 1 30 25 111 111
0224_0052_0064_0118_0118.jpg 1 52 64 118 118
0225_0042_0050_0124_0124.jpg 1 42 50 124 124
0226_0033_0044_0053_0053.jpg 1 33 44 53 53
0227_0021_0033_0125_0125.jpg 1 21 33 125 125
0228_0052_0056_0131_0131.jpg 1 52 56 131 131
0229_0094_0091_0077_0077.jpg 1 94 91 77 77
0230_0020_0054_0061_0061.jpg 1 20 54 61 61
0231_0034_0065_0087_0087.jpg 1 34 65 87 87
0232_0088_0090_0050_0050.jpg 1 88 90 50 50
0233_0103_0024_0053_0053.jpg 1 103 24 53 53
0234_0044_0021_0137_0137.jpg 1 44 21 137 137
0235_0018_0026_0049_0049.jpg 1 18 26 49 49
0236_0056_0039_0082_0082.jpg 1 56 39 82 82
0237_0025_0021_0122_0122.jpg 1 25 21 122 122
0238_0091_0085_0078_0078.jpg 1 91 85 78 78
0239_0095_0038_0069_0069.jpg 1 95 38 69 69
0240_0059_0083_0075_0075.jpg 1 59 83 75 75
0241_0026_0088_0052_0052.jpg 1 26 88 52 52
0242_0025_0050_0080_0080.jpg 1 25 50 80 80
0243_0036_0034_0127_0127.jpg 1 36 34 127 127
0244_0105_0077_0054_0054.jpg 1 105 77 54 54
0245_0055_0028_0131_0131.jpg 1 55 28 131 131
0246_0050_0037_0109_0109.jpg 1 50 37 109 109
0247_0112_0016_0059_0059.jpg 1 112 16 59 59
0248_0054_0034_0103_0103.jpg 1 54 34 103 103
0249_0066_0027_0066_0066.jpg 1 66 27 66 66
0250_0112_0039_0071_0071.jpg 1 112 39 71 71
0251_0037_0038_0124_0124.jpg 1 37 38 124 124
0252_0113_0109_0072_0072.jpg 1 113 109 72 72
0253_0069_0019_0096_0096.jpg 1 69 19 96 96
0254_0050_0036_0116_0116.jpg 1 50 36 116 116
0255_0023_0098_0054_0054.jpg 1 23 98 54 54
0256_0014_0064_0084_0084.jpg 1 14 64 84 84
