0001_0043_0105_0049_0049.jpg 1 43 105 49 49
0002_0058_0133_0048_0048.jpg 1 58 133 48 48
0003_0031_0043_0101_0101.jpg 1 31 43 101 101
0004_0066_0053_0119_0119.jpg 1 66 53 119 119
0005_0064_0057_0103_0103.jpg 1 64 57 103 103
0006_0059_0040_0083_0083.jpg 1 59 40 83 83
0007_0067_0066_0114_0114.jpg 1 67 66 114 114
0008_0020_0096_0056_0056.jpg 1 20 96 56 56
0009_0063_0028_0109_0109.jpg 1 63 28 109 109
0010_0075_0018_0108_0108.jpg 1 75 18 108 108
0011_0070_0010_0113_0113.jpg 1 70 10 113 113
0012_0017_0042_0110_0110.jpg 1 17 42 110 110
0013_0084_0011_0089_0089.jpg 1 84 11 89 89
0014_0067_0038_0088_0088.jpg 1 67 38 88 88
0015_0013_0031_0129_0129.jpg 1 13 31 129 129
0016_0037_0067_0119_0119.jpg 1 37 67 119 119
0017_0025_0080_0095_0095.jpg 1 25 80 95 95
0018_0009_0041_0131_0131.jpg 1 9 41 131 131
0019_0027_0053_0131_0131.jpg 1 27 53 131 131
0020_0041_0019_0066_0066.jpg 1 41 19 66 66
0021_0035_0033_0117_0117.jpg 1 35 33 117 117
0022_0071_0015_0100_0100.jpg 1 71 15 100 100
0023_0036_0014_0125_0125.jpg 1 36 14 125 125
0024_0036_0011_0133_0133.jpg 1 36 11 133 133
0025_0033_0009_0128_0128.jpg 1 33 9 128 128
0026_0089_0090_0097_0097.jpg 1 89 90 97 97
0027_0111_0111_0053_0053.jpg 1 111 111 53 53
0028_0027_0063_0093_0093.jpg 1 27 63 93 93
0029_0029_0011_0118_0118.jpg 1 29 11 118 118
0030_0035_0023_0056_0056.jpg 1 35 23 56 56
0031_0082_0024_0084_0084.jpg 1 82 24 84 84
0032_0083_0100_0060_0060.jpg 1 83 100 60 60
0033_0046_0009_0101_0101.jpg 1 46 9 101 101
0034_0037_0031_0126_0126.jpg 1 37 31 126 126
0035_0049_0059_0096_0096.jpg 1 49 59 96 96
0036_0018_0018_0119_0119.jpg 1 18 18 119 119
0037_0046_0059_0082_0082.jpg 1 46 59 82 82
0038_0088_0068_0068_0068.jpg 1 88 68 68 68
0039_0046_0046_0063_0063.jpg 1 46 46 63 63
0040_0037_0011_0135_0135.jpg 1 37 11 135 135
0041_0054_0046_0129_0129.jpg 1 54 46 129 129
0042_0060_0047_0097_0097.jpg 1 60 47 97 97
0043_0035_0089_0094_0094.jpg 1 35 89 94 94
0044_0035_0039_0094_0094.jpg 1 35 39 94 94
0045_0048_0042_0129_0129.jpg 1 48 42 129 129
0046_0106_0115_0069_0069.jpg 1 106 115 69 69
0047_0061_0059_0075_0075.jpg 1 61 59 75 75
0048_0051_0034_0135_0135.jpg 1 51 34 135 135
0049_0051_0126_0049_0049.jpg 1 51 126 49 49
0050_0040_0039_0116_0116.jpg 1 40 39 116 116
0051_0035_0012_0139_0139.jpg 1 35 12 139 139
0052_0037_0019_0123_0123.jpg 1 37 19 123 123
0053_0045_0096_0091_0091.jpg 1 45 96 91 91
0054_0071_0049_0067_0067.jpg 1 71 49 67 67
0055_0030_0048_0103_0103.jpg 1 30 48 103 103
0056_0011_0013_0135_0135.jpg 1 11 13 135 135
0057_0046_0031_0102_0102.jpg 1 46 31 102 102
0058_0026_0078_0054_0054.jpg 1 26 78 54 54
0059_0072_0120_0064_0064.jpg 1 72 120 64 64
0060_0032_0020_0129_0129.jpg 1 32 20 129 129
0061_0091_0116_0059_0059.jpg 1 91 116 59 59
0062_0073_0043_0079_0079.jpg 1 73 43 79 79
0063_0013_0070_0106_0106.jpg 1 13 70 106 106
0064_0074_0057_0106_0106.jpg 1 74 57 106 106
0065_0044_0027_0139_0139.jpg 1 44 27 139 139
0066_0013_0045_0085_0085.jpg 1 13 45 85 85
0067_0006_0029_0138_0138.jpg 1 6 29 138 138
0068_0031_0021_0076_0076.jpg 1 31 21 76 76
0069_0009_0062_0123_0123.jpg 1 9 62 123 123
0070_0034_0014_0128_0128.jpg 1 34 14 128 128
0071_0010_0066_0094_0094.jpg 1 10 66 94 94
0072_0067_0073_0117_0117.jpg 1 67 73 117 117
0073_0109_0122_0055_0055.jpg 1 109 122 55 55
0074_0062_0010_0119_0119.jpg 1 62 10 119 119
0075_0053_0092_0096_0096.jpg 1 53 92 96 96
0076_0028_0039_0120_0120.jpg 1 28 39 120 120
0077_0042_0058_0128_0128.jpg 1 42 58 128 128
0078_0021_0065_0101_0101.jpg 1 21 65 101 101
0079_0028_0018_0137_0137.jpg 1 28 18 137 137
0080_0028_0045_0124_0124.jpg 1 28 45 124 124
0081_0010_0051_0104_0104.jpg 1 10 51 104 104
0082_0047_0025_0074_0074.jpg 1 47 25 74 74
0083_0070_0107_0071_0071.jpg 1 70 107 71 71
0084_0100_0083_0058_0058.jpg 1 100 83 58 58
0085_0105_0059_0078_0078.jpg 1 105 59 78 78
0086_0022_0051_0079_0079.jpg 1 22 51 79 79
0087_0081_0022_0075_0075.jpg 1 81 22 75 75
0088_0058_0058_0124_0124.jpg 1 58 58 124 124
0089_0115_0030_0071_0071.jpg 1 115 30 71 71
0090_0020_0024_0135_0135.jpg 1 20 24 135 135
0091_0106_0089_0066_0066.jpg 1 106 89 66 66
0092_0064_0038_0092_0092.jpg 1 64 38 92 92
0093_0065_0035_0077_0077.jpg 1 65 35 77 77
0094_0047_0033_0106_0106.jpg 1 47 33 106 106
0095_0034_0026_0088_0088.jpg 1 34 26 88 88
0096_0034_0031_0111_0111.jpg 1 34 31 111 111
0097_0088_0055_0080_0080.jpg 1 88 55 80 80
0098_0031_0014_0111_0111.jpg 1 31 14 111 111
0099_0070_0098_0080_0080.jpg 1 70 98 80 80
0100_0041_0105_0048_0048.jpg 1 41 105 48 48
0101_0048_0023_0059_0059.jpg 1 48 23 59 59
0102_0037_0079_0098_0098.jpg 1 37 79 98 98
0103_0079_0096_0051_0051.jpg 1 79 96 51 51
0104_0031_0060_0120_0120.jpg 1 31 60 120 120
0105_0057_0046_0056_0056.jpg 1 57 46 56 56
0106_0018_0080_0090_0090.jpg 1 18 80 90 90
0107_0030_0047_0091_0091.jpg 1 30 47 91 91
0108_0015_0050_0113_0113.jpg 1 15 50 113 113
0109_0079_0046_0071_0071.jpg 1 79 46 71 71
0110_0089_0057_0061_0061.jpg 1 89 57 61 61
0111_0025_0071_0076_0076.jpg 1 25 71 76 76
0112_0096_0058_0092_0092.jpg 1 96 58 92 92
0113_0065_0063_0097_0097.jpg 1 65 63 97 97
0114_0092_0084_0086_0086.jpg 1 92 84 86 86
0115_0065_0021_0060_0060.jpg 1 65 21 60 60
0116_0040_0022_0083_0083.jpg 1 40 22 83 83
0117_0061_0010_0105_0105.jpg 1 61 10 105 105
0118_0064_0017_0076_0076.jpg 1 64 17 76 76
0119_0019_0012_0092_0092.jpg 1 19 12 92 92
0120_0026_0034_0127_0127.jpg 1 26 34 127 127
0121_0031_0007_0135_0135.jpg 1 31 7 135 135
0122_0023_0108_0074_0074.jpg 1 23 108 74 74
0123_0078_0014_0097_0097.jpg 1 78 14 97 97
0124_0046_0106_0049_0049.jpg 1 46 106 49 49
0125_0089_0101_0087_0087.jpg 1 89 101 87 87
0126_0081_0047_0101_0101.jpg 1 81 47 101 101
0127_0055_0086_0055_0055.jpg 1 55 86 55 55
0128_0037_0080_0108_0108.jpg 1 37 80 108 108
0129_0070_0021_0073_0073.jpg 1 70 21 73 73
0130_0030_0047_0131_0131.jpg 1 30 47 131 131
0131_0026_0076_0090_0090.jpg 1 26 76 90 90
0132_0054_0021_0055_0055.jpg 1 54 21 55 55
0133_0015_0022_0088_0088.jpg 1 15 22 88 88
0134_0035_0075_0093_0093.jpg 1 35 75 93 93
0135_0106_0057_0053_0053.jpg 1 106 57 53 53
0136_0045_0019_0084_0084.jpg 1 45 19 84 84
0137_0083_0064_0053_0053.jpg 1 83 64 53 53
0138_0082_0037_0096_0096.jpg 1 82 37 96 96
0139_0035_0041_0131_0131.jpg 1 35 41 131 131
0140_0093_0039_0086_0086.jpg 1 93 39 86 86
0141_0113_0026_0061_0061.jpg 1 113 26 61 61
0142_0012_0075_0100_0100.jpg 1 12 75 100 100
0143_0065_0042_0103_0103.jpg 1 65 42 103 103
0144_0047_0049_0133_0133.jpg 1 47 49 133 133
0145_0106_0044_0077_0077.jpg 1 106 44 77 77
0146_0016_0038_0124_0124.jpg 1 16 38 124 124
0147_0088_0074_0082_0082.jpg 1 88 74 82 82
0148_0011_0023_0114_0114.jpg 1 11 23 114 114
0149_0074_0042_0117_0117.jpg 1 74 42 117 117
0150_0028_0120_0064_0064.jpg 1 28 120 64 64
0151_0039_0088_0074_0074.jpg 1 39 88 74 74
0152_0034_0017_0082_0082.jpg 1 34 17 82 82
0153_0089_0027_0096_0096.jpg 1 89 27 96 96
0154_0016_0039_0076_0076.jpg 1 16 39 76 76
0155_0060_0054_0075_0075.jpg 1 60 54 75 75
0156_0019_0050_0081_0081.jpg 1 19 50 81 81
0157_0040_0046_0122_0122.jpg 1 40 46 122 122
0158_0089_0061_0082_0082.jpg 1 89 61 82 82
0159_0032_0039_0117_0117.jpg 1 32 39 117 117
0160_0077_0051_0066_0066.jpg 1 77 51 66 66
0161_0029_0057_0126_0126.jpg 1 29 57 126 126
0162_0021_0034_0115_0115.jpg 1 21 34 115 115
0163_0068_0065_0108_0108.jpg 1 68 65 108 108
0164_0065_0048_0100_0100.jpg 1 65 48 100 100
0165_0112_0035_0072_0072.jpg 1 112 35 72 72
0166_0060_0052_0132_0132.jpg 1 60 52 132 132
0167_0060_0047_0108_0108.jpg 1 60 47 108 108
0168_0084_0042_0084_0084.jpg 1 84 42 84 84
0169_0053_0042_0138_0138.jpg 1 53 42 138 138
0170_0057_0020_0120_0120.jpg 1 57 20 120 120
0171_0041_0033_0131_0131.jpg 1 41 33 131 131
0172_0058_0082_0101_0101.jpg 1 58 82 101 101
0173_0036_0044_0116_0116.jpg 1 36 44 116 116
0174_0039_0088_0049_0049.jpg 1 39 88 49 49
0175_0116_0038_0058_0058.jpg 1 116 38 58 58
0176_0016_0116_0067_0067.jpg 1 16 116 67 67
0177_0018_0053_0134_0134.jpg 1 18 53 134 134
0178_0054_0066_0117_0117.jpg 1 54 66 117 117
0179_0058_0027_0066_0066.jpg 1 58 27 66 66
0180_0039_0029_0065_0065.jpg 1 39 29 65 65
0181_0026_0084_0053_0053.jpg 1 26 84 53 53
0182_0060_0074_0107_0107.jpg 1 60 74 107 107
0183_0063_0049_0082_0082.jpg 1 63 49 82 82
0184_0018_0017_0094_0094.jpg 1 18 17 94 94
0185_0010_0055_0098_0098.jpg 1 10 55 98 98
0186_0036_0130_0050_0050.jpg 1 36 130 50 50
0187_0021_0075_0065_0065.jpg 1 21 75 65 65
0188_0042_0016_0060_0060.jpg 1 42 16 60 60
0189_0076_0099_0062_0062.jpg 1 76 99 62 62
0190_0055_0031_0115_0115.jpg 1 55 31 115 115
0191_0025_0063_0065_0065.jpg 1 25 63 65 65
0192_0016_0038_0052_0052.jpg 1 16 38 52 52
0193_0054_0015_0095_0095.jpg 1 54 15 95 95
0194_0043_0010_0130_0130.jpg 1 43 10 130 130
0195_0054_0028_0123_0123.jpg 1 54 28 123 123
0196_0024_0124_0058_0058.jpg 1 24 124 58 58
0197_0127_0082_0054_0054.jpg 1 127 82 54 54
0198_0056_0077_0082_0082.jpg 1 56 77 82 82
0199_0025_0040_0103_0103.jpg 1 25 40 103 103
0200_0107_0023_0071_0071.jpg 1 107 23 71 71
0201_0082_0053_0105_0105.jpg 1 82 53 105 105
0202_0062_0080_0097_0097.jpg 1 62 80 97 97
0203_0109_0019_0055_0055.jpg 1 109 19 55 55
0204_0023_0082_0089_0089.jpg 1 23 82 89 89
0205_0049_0089_0095_0095.jpg 1 49 89 95 95
0206_0068_0105_0074_0074.jpg 1 68 105 74 74
0207_0041_0022_0117_0117.jpg 1 41 22 117 117
0208_0041_0013_0130_0130.jpg 1 41 13 130 130
0209_0026_0038_0095_0095.jpg 1 26 38 95 95
0210_0112_0112_0069_0069.jpg 1 112 112 69 69
0211_0033_0038_0115_0115.jpg 1 33 38 115 115
0212_0020_0029_0114_0114.jpg 1 20 29 114 114
0213_0083_0092_0069_0069.jpg 1 83 92 69 69
0214_0027_0032_0135_0135.jpg 1 27 32 135 135
0215_0047_0089_0096_0096.jpg 1 47 89 96 96
0216_0026_0055_0133_0133.jpg 1 26 55 133 133
0217_0034_0090_0081_0081.jpg 1 34 90 81 81
0218_0068_0017_0099_0099.jpg 1 68 17 99 99
0219_0017_0007_0125_0125.jpg 1 17 7 125 125
0220_0070_0015_0117_0117.jpg 1 70 15 117 117
0221_0023_0035_0111_0111.jpg 1 23 35 111 111
0222_0048_0014_0106_0106.jpg 1 48 14 106 106
0223_0034_0023_0100_0100.jpg 1 34 23 100 100
0224_0041_0061_0086_0086.jpg 1 41 61 86 86
0225_0053_0123_0051_0051.jpg 1 53 123 51 51
0226_0036_0070_0049_0049.jpg 1 36 70 49 49
0227_0025_0043_0127_0127.jpg 1 25 43 127 127
0228_0016_0059_0131_0131.jpg 1 16 59 131 131
0229_0103_0091_0085_0085.jpg 1 103 91 85 85
0230_0036_0017_0124_0124.jpg 1 36 17 124 124
0231_0064_0013_0102_0102.jpg 1 64 13 102 102
0232_0048_0039_0131_0131.jpg 1 48 39 131 131
0233_0027_0081_0059_0059.jpg 1 27 81 59 59
0234_0096_0109_0068_0068.jpg 1 96 109 68 68
0235_0031_0049_0103_0103.jpg 1 31 49 103 103
0236_0058_0015_0087_0087.jpg 1 58 15 87 87
0237_0057_0063_0088_0088.jpg 1 57 63 88 88
0238_0045_0048_0116_0116.jpg 1 45 48 116 116
0239_0055_0044_0134_0134.jpg 1 55 44 134 134
0240_0029_0110_0061_0061.jpg 1 29 110 61 61
0241_0035_0051_0090_0090.jpg 1 35 51 90 90
0242_0018_0093_0071_0071.jpg 1 18 93 71 71
0243_0038_0045_0058_0058.jpg 1 38 45 58 58
0244_0044_0017_0136_0136.jpg 1 44 17 136 136
0245_0056_0079_0101_0101.jpg 1 56 79 101 101
0246_0112_0097_0073_0073.jpg 1 112 97 73 73
0247_0055_0015_0126_0126.jpg 1 55 15 126 126
0248_0087_0087_0095_0095.jpg 1 87 87 95 95
0249_0064_0033_0076_0076.jpg 1 64 33 76 76
0250_0024_0085_0061_0061.jpg 1 24 85 61 61
0251_0060_0054_0050_0050.jpg 1 60 54 50 50
0252_0053_0017_0134_0134.jpg 1 53 17 134 134
0253_0079_0104_0064_0064.jpg 1 79 104 64 64
0254_0034_0064_0117_0117.jpg 1 34 64 117 117
0255_0037_0074_0072_0072.jpg 1 37 74 72 72
0256_0071_0058_0101_0101.jpg 1 71 58 101 101
