0001_0034_0098_0081_0081.jpg 1 34 98 81 81
0002_0089_0057_0097_0097.jpg 1 89 57 97 97
0003_0039_0068_0119_0119.jpg 1 39 68 119 119
0004_0049_0029_0133_0133.jpg 1 49 29 133 133
0005_0042_0056_0118_0118.jpg 1 42 56 118 118
0006_0055_0114_0070_0070.jpg 1 55 114 70 70
0007_0098_0085_0053_0053.jpg 1 98 85 53 53
0008_0067_0053_0119_0119.jpg 1 67 53 119 119
0009_0053_0082_0083_0083.jpg 1 53 82 83 83
0010_0020_0043_0138_0138.jpg 1 20 43 138 138
0011_0111_0099_0065_0065.jpg 1 111 99 65 65
0012_0029_0009_0124_0124.jpg 1 29 9 124 124
0013_0090_0018_0088_0088.jpg 1 90 18 88 88
0014_0051_0063_0121_0121.jpg 1 51 63 121 121
0015_0025_0121_0062_0062.jpg 1 25 121 62 62
0016_0042_0014_0132_0132.jpg 1 42 14 132 132
0017_0012_0021_0087_0087.jpg 1 12 21 87 87
0018_0033_0049_0126_0126.jpg 1 33 49 126 126
0019_0050_0007_0139_0139.jpg 1 50 7 139 139
0020_0049_0063_0118_0118.jpg 1 49 63 118 118
0021_0064_0031_0123_0123.jpg 1 64 31 123 123
0022_0029_0012_0102_0102.jpg 1 29 12 102 102
0023_0057_0040_0114_0114.jpg 1 57 40 114 114
0024_0050_0022_0134_0134.jpg 1 50 22 134 134
0025_0124_0131_0048_0048.jpg 1 124 131 48 48
0026_0077_0019_0062_0062.jpg 1 77 19 62 62
0027_0084_0021_0069_0069.jpg 1 84 21 69 69
0028_0068_0055_0058_0058.jpg 1 68 55 58 58
0029_0116_0061_0060_0060.jpg 1 116 61 60 60
0030_0054_0075_0070_0070.jpg 1 54 75 70 70
0031_0053_0060_0115_0115.jpg 1 53 60 115 115
0032_0029_0025_0125_0125.jpg 1 29 25 125 125
0033_0063_0060_0074_0074.jpg 1 63 60 74 74
0034_0082_0052_0106_0106.jpg 1 82 52 106 106
0035_0092_0090_0090_0090.jpg 1 92 90 90 90
0036_0034_0056_0129_0129.jpg 1 34 56 129 129
0037_0054_0030_0052_0052.jpg 1 54 30 52 52
0038_0065_0017_0090_0090.jpg 1 65 17 90 90
0039_0075_0037_0111_0111.jpg 1 75 37 111 111
0040_0020_0081_0091_0091.jpg 1 20 81 91 91
0041_0059_0054_0106_0106.jpg 1 59 54 106 106
0042_0049_0037_0130_0130.jpg 1 49 37 130 130
0043_0039_0096_0084_0084.jpg 1 39 96 84 84
0044_0060_0081_0070_0070.jpg 1 60 81 70 70
0045_0023_0060_0074_0074.jpg 1 23 60 74 74
0046_0016_0096_0050_0050.jpg 1 16 96 50 50
0047_0049_0101_0087_0087.jpg 1 49 101 87 87
0048_0052_0016_0110_0110.jpg 1 52 16 110 110
0049_0104_0098_0054_0054.jpg 1 104 98 54 54
0050_0035_0041_0123_0123.jpg 1 35 41 123 123
0051_0069_0011_0110_0110.jpg 1 69 11 110 110
0052_0074_0029_0104_0104.jpg 1 74 29 104 104
0053_0090_0040_0095_0095.jpg 1 90 40 95 95
0054_0037_0016_0121_0121.jpg 1 37 16 121 121
0055_0086_0080_0076_0076.jpg 1 86 80 76 76
0056_0032_0090_0093_0093.jpg 1 32 90 93 93
0057_0031_0030_0122_0122.jpg 1 31 30 122 122
0058_0058_0073_0116_0116.jpg 1 58 73 116 116
0059_0019_0032_0078_0078.jpg 1 19 32 78 78
0060_0043_0066_0073_0073.jpg 1 43 66 73 73
0061_0124_0094_0056_0056.jpg 1 124 94 56 56
0062_0022_0014_0122_0122.jpg 1 22 14 122 122
0063_0021_0055_0073_0073.jpg 1 21 55 73 73
0064_0039_0058_0130_0130.jpg 1 39 58 130 130
0065_0095_0077_0076_0076.jpg 1 95 77 76 76
0066_0115_0045_0058_0058.jpg 1 115 45 58 58
0067_0048_0084_0091_0091.jpg 1 48 84 91 91
0068_0063_0125_0059_0059.jpg 1 63 125 59 59
0069_0075_0029_0114_0114.jpg 1 75 29 114 114
0070_0059_0033_0099_0099.jpg 1 59 33 99 99
0071_0037_0044_0136_0136.jpg 1 37 44 136 136
0072_0054_0015_0128_0128.jpg 1 54 15 128 128
0073_0009_0039_0129_0129.jpg 1 9 39 129 129
0074_0043_0040_0072_0072.jpg 1 43 40 72 72
0075_0043_0024_0071_0071.jpg 1 43 24 71 71
0076_0028_0045_0122_0122.jpg 1 28 45 122 122
0077_0073_0037_0053_0053.jpg 1 73 37 53 53
0078_0025_0028_0105_0105.jpg 1 25 28 105 105
0079_0036_0066_0106_0106.jpg 1 36 66 106 106
0080_0054_0067_0083_0083.jpg 1 54 67 83 83
0081_0058_0012_0109_0109.jpg 1 58 12 109 109
0082_0030_0011_0108_0108.jpg 1 30 11 108 108
0083_0081_0045_0107_0107.jpg 1 81 45 107 107
0084_0013_0044_0074_0074.jpg 1 13 44 74 74
0085_0053_0079_0069_0069.jpg 1 53 79 69 69
0086_0046_0108_0071_0071.jpg 1 46 108 71 71
0087_0013_0088_0086_0086.jpg 1 13 88 86 86
0088_0021_0026_0075_0075.jpg 1 21 26 75 75
0089_0041_0056_0106_0106.jpg 1 41 56 106 106
0090_0023_0039_0121_0121.jpg 1 23 39 121 121
0091_0038_0058_0134_0134.jpg 1 38 58 134 134
0092_0013_0043_0128_0128.jpg 1 13 43 128 128
0093_0007_0031_0136_0136.jpg 1 7 31 136 136
0094_0035_0086_0087_0087.jpg 1 35 86 87 87
0095_0093_0054_0065_0065.jpg 1 93 54 65 65
0096_0087_0108_0063_0063.jpg 1 87 108 63 63
0097_0031_0018_0118_0118.jpg 1 31 18 118 118
0098_0019_0055_0132_0132.jpg 1 19 55 132 132
0099_0070_0070_0116_0116.jpg 1 70 70 116 116
0100_0056_0066_0104_0104.jpg 1 56 66 104 104
0101_0019_0060_0127_0127.jpg 1 19 60 127 127
0102_0020_0075_0075_0075.jpg 1 20 75 75 75
0103_0013_0013_0071_0071.jpg 1 13 13 71 71
0104_0036_0022_0095_0095.jpg 1 36 22 95 95
0105_0017_0055_0122_0122.jpg 1 17 55 122 122
0106_0048_0069_0106_0106.jpg 1 48 69 106 106
0107_0020_0025_0116_0116.jpg 1 20 25 116 116
0108_0053_0031_0087_0087.jpg 1 53 31 87 87
0109_0039_0012_0086_0086.jpg 1 39 12 86 86
0110_0080_0013_0095_0095.jpg 1 80 13 95 95
0111_0064_0074_0099_0099.jpg 1 64 74 99 99
0112_0089_0100_0065_0065.jpg 1 89 100 65 65
0113_0027_0025_0128_0128.jpg 1 27 25 128 128
0114_0093_0077_0068_0068.jpg 1 93 77 68 68
0115_0011_0049_0139_0139.jpg 1 11 49 139 139
0116_0042_0045_0055_0055.jpg 1 42 45 55 55
0117_0008_0051_0124_0124.jpg 1 8 51 124 124
0118_0022_0061_0100_0100.jpg 1 22 61 100 100
0119_0045_0049_0096_0096.jpg 1 45 49 96 96
0120_0081_0074_0109_0109.jpg 1 81 74 109 109
0121_0048_0055_0099_0099.jpg 1 48 55 99 99
0122_0033_0041_0135_0135.jpg 1 33 41 135 135
0123_0065_0042_0100_0100.jpg 1 65 42 100 100
0124_0050_0088_0078_0078.jpg 1 50 88 78 78
0125_0018_0012_0105_0105.jpg 1 18 12 105 105
0126_0059_0101_0080_0080.jpg 1 59 101 80 80
0127_0015_0012_0102_0102.jpg 1 15 12 102 102
0128_0076_0063_0109_0109.jpg 1 76 63 109 109
0129_0118_0099_0063_0063.jpg 1 118 99 63 63
0130_0056_0085_0068_0068.jpg 1 56 85 68 68
0131_0055_0037_0130_0130.jpg 1 55 37 130 130
0132_0017_0054_0107_0107.jpg 1 17 54 107 107
0133_0057_0009_0119_0119.jpg 1 57 9 119 119
0134_0009_0031_0137_0137.jpg 1 9 31 137 137
0135_0041_0046_0117_0117.jpg 1 41 46 117 117
0136_0008_0048_0138_0138.jpg 1 8 48 138 138
0137_0023_0061_0057_0057.jpg 1 23 61 57 57
0138_0083_0097_0088_0088.jpg 1 83 97 88 88
0139_0055_0032_0135_0135.jpg 1 55 32 135 135
0140_0072_0088_0097_0097.jpg 1 72 88 97 97
0141_0016_0022_0121_0121.jpg 1 16 22 121 121
0142_0089_0060_0061_0061.jpg 1 89 60 61 61
0143_0075_0041_0107_0107.jpg 1 75 41 107 107
0144_0053_0078_0103_0103.jpg 1 53 78 103 103
0145_0024_0084_0060_0060.jpg 1 24 84 60 60
0146_0036_0011_0111_0111.jpg 1 36 11 111 111
0147_0015_0059_0103_0103.jpg 1 15 59 103 103
0148_0025_0053_0103_0103.jpg 1 25 53 103 103
0149_0024_0067_0103_0103.jpg 1 24 67 103 103
0150_0039_0122_0058_0058.jpg 1 39 122 58 58
0151_0016_0026_0123_0123.jpg 1 16 26 123 123
0152_0037_0036_0069_0069.jpg 1 37 36 69 69
0153_0042_0043_0118_0118.jpg 1 42 43 118 118
0154_0117_0119_0066_0066.jpg 1 117 119 66 66
0155_0024_0010_0136_0136.jpg 1 24 10 136 136
0156_0013_0082_0103_0103.jpg 1 13 82 103 103
0157_0057_0018_0112_0112.jpg 1 57 18 112 112
0158_0091_0095_0084_0084.jpg 1 91 95 84 84
0159_0012_0061_0100_0100.jpg 1 12 61 100 100
0160_0011_0045_0111_0111.jpg 1 11 45 111 111
0161_0108_0015_0064_0064.jpg 1 108 15 64 64
0162_0017_0077_0093_0093.jpg 1 17 77 93 93
0163_0049_0030_0079_0079.jpg 1 49 30 79 79
0164_0052_0083_0093_0093.jpg 1 52 83 93 93
0165_0018_0015_0136_0136.jpg 1 18 15 136 136
0166_0042_0108_0066_0066.jpg 1 42 108 66 66
0167_0092_0035_0080_0080.jpg 1 92 35 80 80
0168_0048_0042_0135_0135.jpg 1 48 42 135 135
0169_0036_0041_0107_0107.jpg 1 36 41 107 107
0170_0085_0045_0093_0093.jpg 1 85 45 93 93
0171_0029_0055_0049_0049.jpg 1 29 55 49 49
0172_0061_0110_0070_0070.jpg 1 61 110 70 70
0173_0062_0019_0105_0105.jpg 1 62 19 105 105
0174_0056_0011_0105_0105.jpg 1 56 11 105 105
0175_0036_0087_0077_0077.jpg 1 36 87 77 77
0176_0048_0039_0118_0118.jpg 1 48 39 118 118
0177_0103_0088_0058_0058.jpg 1 103 88 58 58
0178_0011_0024_0094_0094.jpg 1 11 24 94 94
0179_0078_0049_0109_0109.jpg 1 78 49 109 109
0180_0081_0112_0053_0053.jpg 1 81 112 53 53
0181_0060_0042_0070_0070.jpg 1 60 42 70 70
0182_0077_0089_0072_0072.jpg 1 77 89 72 72
0183_0011_0074_0104_0104.jpg 1 11 74 104 104
0184_0091_0015_0053_0053.jpg 1 91 15 53 53
0185_0078_0062_0062_0062.jpg 1 78 62 62 62
0186_0033_0010_0131_0131.jpg 1 33 10 131 131
0187_0041_0053_0095_0095.jpg 1 41 53 95 95
0188_0061_0037_0076_0076.jpg 1 61 37 76 76
0189_0053_0038_0102_0102.jpg 1 53 38 102 102
0190_0018_0055_0088_0088.jpg 1 18 55 88 88
0191_0074_0093_0079_0079.jpg 1 74 93 79 79
0192_0030_0041_0130_0130.jpg 1 30 41 130 130
0193_0032_0083_0057_0057.jpg 1 32 83 57 57
0194_0064_0059_0052_0052.jpg 1 64 59 52 52
0195_0052_0050_0098_0098.jpg 1 52 50 98 98
0196_0009_0056_0117_0117.jpg 1 9 56 117 117
0197_0082_0038_0093_0093.jpg 1 82 38 93 93
0198_0093_0024_0074_0074.jpg 1 93 24 74 74
0199_0008_0011_0135_0135.jpg 1 8 11 135 135
0200_0063_0097_0086_0086.jpg 1 63 97 86 86
0201_0073_0044_0095_0095.jpg 1 73 44 95 95
0202_0018_0026_0084_0084.jpg 1 18 26 84 84
0203_0107_0082_0077_0077.jpg 1 107 82 77 77
0204_0018_0044_0090_0090.jpg 1 18 44 90 90
0205_0039_0048_0136_0136.jpg 1 39 48 136 136
0206_0026_0037_0133_0133.jpg 1 26 37 133 133
0207_0030_0034_0107_0107.jpg 1 30 34 107 107
0208_0030_0067_0092_0092.jpg 1 30 67 92 92
0209_0079_0045_0076_0076.jpg 1 79 45 76 76
0210_0046_0020_0132_0132.jpg 1 46 20 132 132
0211_0010_0007_0130_0130.jpg 1 10 7 130 130
0212_0019_0008_0130_0130.jpg 1 19 8 130 130
0213_0054_0013_0128_0128.jpg 1 54 13 128 128
0214_0082_0012_0078_0078.jpg 1 82 12 78 78
0215_0025_0042_0133_0133.jpg 1 25 42 133 133
0216_0013_0042_0094_0094.jpg 1 13 42 94 94
0217_0052_0096_0068_0068.jpg 1 52 96 68 68
0218_0019_0078_0072_0072.jpg 1 19 78 72 72
0219_0032_0029_0119_0119.jpg 1 32 29 119 119
0220_0068_0028_0122_0122.jpg 1 68 28 122 122
0221_0015_0110_0075_0075.jpg 1 15 110 75 75
0222_0057_0053_0097_0097.jpg 1 57 53 97 97
0223_0096_0098_0084_0084.jpg 1 96 98 84 84
0224_0083_0041_0082_0082.jpg 1 83 41 82 82
0225_0075_0021_0112_0112.jpg 1 75 21 112 112
0226_0056_0068_0117_0117.jpg 1 56 68 117 117
0227_0075_0032_0110_0110.jpg 1 75 32 110 110
0228_0015_0013_0115_0115.jpg 1 15 13 115 115
0229_0039_0080_0073_0073.jpg 1 39 80 73 73
0230_0022_0016_0066_0066.jpg 1 22 16 66 66
0231_0043_0050_0053_0053.jpg 1 43 50 53 53
0232_0022_0067_0085_0085.jpg 1 22 67 85 85
0233_0042_0021_0071_0071.jpg 1 42 21 71 71
0234_0062_0067_0054_0054.jpg 1 62 67 54 54
0235_0013_0055_0087_0087.jpg 1 13 55 87 87
0236_0049_0009_0136_0136.jpg 1 49 9 136 136
0237_0060_0010_0114_0114.jpg 1 60 10 114 114
0238_0052_0100_0064_0064.jpg 1 52 100 64 64
0239_0099_0064_0082_0082.jpg 1 99 64 82 82
0240_0076_0039_0103_0103.jpg 1 76 39 103 103
0241_0015_0040_0054_0054.jpg 1 15 40 54 54
0242_0062_0060_0129_0129.jpg 1 62 60 129 129
0243_0036_0054_0115_0115.jpg 1 36 54 115 115
0244_0076_0075_0053_0053.jpg 1 76 75 53 53
0245_0062_0041_0119_0119.jpg 1 62 41 119 119
0246_0057_0057_0078_0078.jpg 1 57 57 78 78
0247_0107_0091_0050_0050.jpg 1 107 91 50 50
0248_0034_0049_0083_0083.jpg 1 34 49 83 83
0249_0094_0114_0055_0055.jpg 1 94 114 55 55
0250_0039_0087_0081_0081.jpg 1 39 87 81 81
0251_0053_0069_0098_0098.jpg 1 53 69 98 98
0252_0063_0015_0062_0062.jpg 1 63 15 62 62
0253_0100_0032_0050_0050.jpg 1 100 32 50 50
0254_0044_0060_0132_0132.jpg 1 44 60 132 132
0255_0062_0079_0084_0084.jpg 1 62 79 84 84
0256_0012_0047_0136_0136.jpg 1 12 47 136 136
