0001_0051_0086_0055_0055.jpg 1 51 86 55 55
0002_0029_0022_0082_0082.jpg 1 29 22 82 82
0003_0042_0054_0132_0132.jpg 1 42 54 132 132
0004_0028_0052_0079_0079.jpg 1 28 52 79 79
0005_0025_0016_0135_0135.jpg 1 25 16 135 135
0006_0083_0080_0093_0093.jpg 1 83 80 93 93
0007_0050_0025_0062_0062.jpg 1 50 25 62 62
0008_0097_0094_0084_0084.jpg 1 97 94 84 84
0009_0072_0067_0085_0085.jpg 1 72 67 85 85
0010_0088_0071_0083_0083.jpg 1 88 71 83 83
0011_0032_0033_0130_0130.jpg 1 32 33 130 130
0012_0011_0013_0123_0123.jpg 1 11 13 123 123
0013_0051_0059_0106_0106.jpg 1 51 59 106 106
0014_0105_0049_0068_0068.jpg 1 105 49 68 68
0015_0010_0043_0093_0093.jpg 1 10 43 93 93
0016_0044_0038_0091_0091.jpg 1 44 38 91 91
0017_0059_0056_0109_0109.jpg 1 59 56 109 109
0018_0035_0060_0126_0126.jpg 1 35 60 126 126
0019_0074_0032_0050_0050.jpg 1 74 32 50 50
0020_0014_0041_0125_0125.jpg 1 14 41 125 125
0021_0077_0098_0058_0058.jpg 1 77 98 58 58
0022_0033_0024_0116_0116.jpg 1 33 24 116 116
0023_0035_0065_0114_0114.jpg 1 35 65 114 114
0024_0008_0056_0127_0127.jpg 1 8 56 127 127
0025_0058_0048_0085_0085.jpg 1 58 48 85 85
0026_0052_0088_0089_0089.jpg 1 52 88 89 89
0027_0095_0030_0057_0057.jpg 1 95 30 57 57
0028_0044_0037_0139_0139.jpg 1 44 37 139 139
0029_0040_0040_0139_0139.jpg 1 40 40 139 139
0030_0029_0008_0138_0138.jpg 1 29 8 138 138
0031_0096_0068_0060_0060.jpg 1 96 68 60 60
0032_0053_0070_0113_0113.jpg 1 53 70 113 113
0033_0057_0113_0055_0055.jpg 1 57 113 55 55
0034_0039_0094_0092_0092.jpg 1 39 94 92 92
0035_0039_0042_0138_0138.jpg 1 39 42 138 138
0036_0048_0101_0076_0076.jpg 1 48 101 76 76
0037_0038_0037_0121_0121.jpg 1 38 37 121 121
0038_0105_0110_0067_0067.jpg 1 105 110 67 67
0039_0063_0125_0049_0049.jpg 1 63 125 49 49
0040_0022_0016_0068_0068.jpg 1 22 16 68 68
0041_0042_0016_0060_0060.jpg 1 42 16 60 60
0042_0032_0030_0077_0077.jpg 1 32 30 77 77
0043_0034_0021_0085_0085.jpg 1 34 21 85 85
0044_0037_0049_0103_0103.jpg 1 37 49 103 103
0045_0085_0070_0052_0052.jpg 1 85 70 52 52
0046_0020_0096_0048_0048.jpg 1 20 96 48 48
0047_0044_0065_0106_0106.jpg 1 44 65 106 106
0048_0041_0028_0095_0095.jpg 1 41 28 95 95
0049_0034_0026_0085_0085.jpg 1 34 26 85 85
0050_0112_0063_0059_0059.jpg 1 112 63 59 59
0051_0060_0091_0083_0083.jpg 1 60 91 83 83
0052_0076_0044_0074_0074.jpg 1 76 44 74 74
0053_0110_0106_0054_0054.jpg 1 110 106 54 54
0054_0035_0062_0069_0069.jpg 1 35 62 69 69
0055_0014_0018_0120_0120.jpg 1 14 18 120 120
0056_0048_0031_0134_0134.jpg 1 48 31 134 134
0057_0035_0013_0137_0137.jpg 1 35 13 137 137
0058_0066_0016_0070_0070.jpg 1 66 16 70 70
0059_0066_0031_0108_0108.jpg 1 66 31 108 108
0060_0065_0085_0089_0089.jpg 1 65 85 89 89
0061_0059_0015_0123_0123.jpg 1 59 15 123 123
0062_0040_0009_0136_0136.jpg 1 40 9 136 136
0063_0030_0046_0085_0085.jpg 1 30 46 85 85
0064_0012_0008_0127_0127.jpg 1 12 8 127 127
0065_0032_0010_0134_0134.jpg 1 32 10 134 134
0066_0061_0054_0131_0131.jpg 1 61 54 131 131
0067_0067_0036_0115_0115.jpg 1 67 36 115 115
0068_0025_0028_0126_0126.jpg 1 25 28 126 126
0069_0074_0035_0061_0061.jpg 1 74 35 61 61
0070_0046_0115_0049_0049.jpg 1 46 115 49 49
0071_0019_0012_0115_0115.jpg 1 19 12 115 115
0072_0095_0082_0071_0071.jpg 1 95 82 71 71
0073_0052_0037_0085_0085.jpg 1 52 37 85 85
0074_0031_0076_0079_0079.jpg 1 31 76 79 79
0075_0044_0071_0096_0096.jpg 1 44 71 96 96
0076_0051_0024_0126_0126.jpg 1 51 24 126 126
0077_0044_0029_0060_0060.jpg 1 44 29 60 60
0078_0093_0098_0077_0077.jpg 1 93 98 77 77
0079_0040_0011_0121_0121.jpg 1 40 11 121 121
0080_0044_0025_0128_0128.jpg 1 44 25 128 128
0081_0062_0058_0114_0114.jpg 1 62 58 114 114
0082_0062_0028_0095_0095.jpg 1 62 28 95 95
0083_0089_0075_0054_0054.jpg 1 89 75 54 54
0084_0103_0080_0084_0084.jpg 1 103 80 84 84
0085_0027_0073_0072_0072.jpg 1 27 73 72 72
0086_0042_0044_0123_0123.jpg 1 42 44 123 123
0087_0057_0081_0066_0066.jpg 1 57 81 66 66
0088_0059_0032_0095_0095.jpg 1 59 32 95 95
0089_0023_0077_0094_0094.jpg 1 23 77 94 94
0090_0017_0036_0078_0078.jpg 1 17 36 78 78
0091_0015_0034_0052_0052.jpg 1 15 34 52 52
0092_0064_0069_0106_0106.jpg 1 64 69 106 106
0093_0055_0055_0068_0068.jpg 1 55 55 68 68
0094_0068_0024_0116_0116.jpg 1 68 24 116 116
0095_0074_0084_0086_0086.jpg 1 74 84 86 86
0096_0077_0018_0052_0052.jpg 1 77 18 52 52
0097_0073_0067_0055_0055.jpg 1 73 67 55 55
0098_0090_0045_0066_0066.jpg 1 90 45 66 66
0099_0036_0028_0087_0087.jpg 1 36 28 87 87
0100_0045_0089_0080_0080.jpg 1 45 89 80 80
0101_0040_0019_0138_0138.jpg 1 40 19 138 138
0102_0067_0027_0078_0078.jpg 1 67 27 78 78
0103_0022_0062_0048_0048.jpg 1 22 62 48 48
0104_0095_0013_0090_0090.jpg 1 95 13 90 90
0105_0050_0020_0136_0136.jpg 1 50 20 136 136
0106_0080_0038_0094_0094.jpg 1 80 38 94 94
0107_0075_0032_0096_0096.jpg 1 75 32 96 96
0108_0030_0089_0097_0097.jpg 1 30 89 97 97
0109_0018_0024_0119_0119.jpg 1 18 24 119 119
0110_0110_0045_0065_0065.jpg 1 110 45 65 65
0111_0034_0057_0132_0132.jpg 1 34 57 132 132
0112_0030_0028_0117_0117.jpg 1 30 28 117 117
0113_0040_0082_0107_0107.jpg 1 40 82 107 107
0114_0031_0011_0122_0122.jpg 1 31 11 122 122
0115_0025_0040_0127_0127.jpg 1 25 40 127 127
0116_0040_0034_0105_0105.jpg 1 40 34 105 105
0117_0028_0033_0128_0128.jpg 1 28 33 128 128
0118_0045_0060_0119_0119.jpg 1 45 60 119 119
0119_0090_0016_0082_0082.jpg 1 90 16 82 82
0120_0041_0052_0059_0059.jpg 1 41 52 59 59
0121_0095_0124_0059_0059.jpg 1 95 124 59 59
0122_0062_0016_0129_0129.jpg 1 62 16 129 129
0123_0081_0066_0074_0074.jpg 1 81 66 74 74
0124_0044_0034_0050_0050.jpg 1 44 34 50 50
0125_0013_0089_0088_0088.jpg 1 13 89 88 88
0126_0075_0051_0066_0066.jpg 1 75 51 66 66
0127_0110_0030_0050_0050.jpg 1 110 30 50 50
0128_0060_0105_0077_0077.jpg 1 60 105 77 77
0129_0038_0043_0088_0088.jpg 1 38 43 88 88
0130_0042_0081_0064_0064.jpg 1 42 81 64 64
0131_0025_0091_0096_0096.jpg 1 25 91 96 96
0132_0048_0013_0081_0081.jpg 1 48 13 81 81
0133_0021_0015_0094_0094.jpg 1 21 15 94 94
0134_0054_0030_0082_0082.jpg 1 54 30 82 82
0135_0018_0052_0130_0130.jpg 1 18 52 130 130
0136_0101_0109_0069_0069.jpg 1 101 109 69 69
0137_0080_0094_0090_0090.jpg 1 80 94 90 90
0138_0063_0034_0127_0127.jpg 1 63 34 127 127
0139_0035_0107_0051_0051.jpg 1 35 107 51 51
0140_0028_0042_0095_0095.jpg 1 28 42 95 95
0141_0091_0084_0081_0081.jpg 1 91 84 81 81
0142_0059_0054_0111_0111.jpg 1 59 54 111 111
0143_0086_0042_0067_0067.jpg 1 86 42 67 67
0144_0031_0028_0136_0136.jpg 1 31 28 136 136
0145_0015_0100_0087_0087.jpg 1 15 100 87 87
0146_0023_0023_0123_0123.jpg 1 23 23 123 123
0147_0038_0028_0125_0125.jpg 1 38 28 125 125
0148_0046_0034_0079_0079.jpg 1 46 34 79 79
0149_0040_0050_0062_0062.jpg 1 40 50 62 62
0150_0052_0045_0061_0061.jpg 1 52 45 61 61
0151_0013_0029_0131_0131.jpg 1 13 29 131 131
0152_0019_0050_0118_0118.jpg 1 19 50 118 118
0153_0070_0046_0048_0048.jpg 1 70 46 48 48
0154_0023_0035_0116_0116.jpg 1 23 35 116 116
0155_0056_0106_0081_0081.jpg 1 56 106 81 81
0156_0024_0128_0056_0056.jpg 1 24 128 56 56
0157_0031_0021_0074_0074.jpg 1 31 21 74 74
0158_0016_0065_0124_0124.jpg 1 16 65 124 124
0159_0056_0014_0134_0134.jpg 1 56 14 134 134
0160_0018_0019_0121_0121.jpg 1 18 19 121 121
0161_0043_0057_0129_0129.jpg 1 43 57 129 129
0162_0040_0024_0074_0074.jpg 1 40 24 74 74
0163_0033_0074_0102_0102.jpg 1 33 74 102 102
0164_0037_0061_0121_0121.jpg 1 37 61 121 121
0165_0017_0057_0091_0091.jpg 1 17 57 91 91
0166_0064_0090_0059_0059.jpg 1 64 90 59 59
0167_0010_0039_0127_0127.jpg 1 10 39 127 127
0168_0078_0037_0111_0111.jpg 1 78 37 111 111
0169_0050_0030_0091_0091.jpg 1 50 30 91 91
0170_0076_0044_0096_0096.jpg 1 76 44 96 96
0171_0030_0046_0087_0087.jpg 1 30 46 87 87
0172_0016_0044_0058_0058.jpg 1 16 44 58 58
0173_0052_0093_0056_0056.jpg 1 52 93 56 56
0174_0132_0066_0048_0048.jpg 1 132 66 48 48
0175_0013_0017_0078_0078.jpg 1 13 17 78 78
0176_0053_0032_0091_0091.jpg 1 53 32 91 91
0177_0048_0061_0091_0091.jpg 1 48 61 91 91
0178_0017_0017_0125_0125.jpg 1 17 17 125 125
0179_0023_0015_0133_0133.jpg 1 23 15 133 133
0180_0103_0035_0060_0060.jpg 1 103 35 60 60
0181_0011_0053_0110_0110.jpg 1 11 53 110 110
0182_0029_0047_0130_0130.jpg 1 29 47 130 130
0183_0068_0068_0119_0119.jpg 1 68 68 119 119
0184_0013_0066_0116_0116.jpg 1 13 66 116 116
0185_0036_0039_0108_0108.jpg 1 36 39 108 108
0186_0051_0027_0106_0106.jpg 1 51 27 106 106
0187_0078_0054_0058_0058.jpg 1 78 54 58 58
0188_0046_0023_0098_0098.jpg 1 46 23 98 98
0189_0130_0028_0049_0049.jpg 1 130 28 49 49
0190_0071_0107_0076_0076.jpg 1 71 107 76 76
0191_0041_0056_0053_0053.jpg 1 41 56 53 53
0192_0078_0064_0089_0089.jpg 1 78 64 89 89
0193_0125_0044_0051_0051.jpg 1 125 44 51 51
0194_0103_0097_0058_0058.jpg 1 103 97 58 58
0195_0037_0018_0122_0122.jpg 1 37 18 122 122
0196_0020_0030_0063_0063.jpg 1 20 30 63 63
0197_0024_0013_0122_0122.jpg 1 24 13 122 122
0198_0088_0080_0085_0085.jpg 1 88 80 85 85
0199_0051_0070_0107_0107.jpg 1 51 70 107 107
0200_0056_0062_0119_0119.jpg 1 56 62 119 119
0201_0078_0055_0057_0057.jpg 1 78 55 57 57
0202_0030_0102_0072_0072.jpg 1 30 102 72 72
0203_0034_0040_0135_0135.jpg 1 34 40 135 135
0204_0017_0039_0123_0123.jpg 1 17 39 123 123
0205_0023_0014_0103_0103.jpg 1 23 14 103 103
0206_0045_0043_0090_0090.jpg 1 45 43 90 90
0207_0061_0025_0081_0081.jpg 1 61 25 81 81
0208_0039_0048_0099_0099.jpg 1 39 48 99 99
0209_0053_0025_0066_0066.jpg 1 53 25 66 66
0210_0013_0052_0119_0119.jpg 1 13 52 119 119
0211_0071_0023_0110_0110.jpg 1 71 23 110 110
0212_0115_0030_0056_0056.jpg 1 115 30 56 56
0213_0040_0079_0062_0062.jpg 1 40 79 62 62
0214_0019_0059_0089_0089.jpg 1 19 59 89 89
0215_0084_0059_0055_0055.jpg 1 84 59 55 55
0216_0017_0054_0127_0127.jpg 1 17 54 127 127
0217_0012_0061_0129_0129.jpg 1 12 61 129 129
0218_0086_0067_0084_0084.jpg 1 86 67 84 84
0219_0060_0103_0070_0070.jpg 1 60 103 70 70
0220_0020_0053_0126_0126.jpg 1 20 53 126 126
0221_0070_0051_0083_0083.jpg 1 70 51 83 83
0222_0051_0042_0099_0099.jpg 1 51 42 99 99
0223_0037_0059_0112_0112.jpg 1 37 59 112 112
0224_0059_0016_0107_0107.jpg 1 59 16 107 107
0225_0015_0056_0133_0133.jpg 1 15 56 133 133
0226_0082_0115_0059_0059.jpg 1 82 115 59 59
0227_0025_0100_0069_0069.jpg 1 25 100 69 69
0228_0024_0053_0086_0086.jpg 1 24 53 86 86
0229_0058_0070_0114_0114.jpg 1 58 70 114 114
0230_0046_0018_0139_0139.jpg 1 46 18 139 139
0231_0042_0063_0107_0107.jpg 1 42 63 107 107
0232_0044_0036_0081_0081.jpg 1 44 36 81 81
0233_0107_0024_0053_0053.jpg 1 107 24 53 53
0234_0012_0062_0123_0123.jpg 1 12 62 123 123
0235_0013_0034_0100_0100.jpg 1 13 34 100 100
0236_0026_0007_0130_0130.jpg 1 26 7 130 130
0237_0013_0020_0130_0130.jpg 1 13 20 130 130
0238_0048_0050_0086_0086.jpg 1 48 50 86 86
0239_0130_0106_0048_0048.jpg 1 130 106 48 48
0240_0016_0067_0093_0093.jpg 1 16 67 93 93
0241_0066_0087_0059_0059.jpg 1 66 87 59 59
0242_0035_0031_0139_0139.jpg 1 35 31 139 139
0243_0082_0100_0077_0077.jpg 1 82 100 77 77
0244_0034_0028_0073_0073.jpg 1 34 28 73 73
0245_0070_0058_0069_0069.jpg 1 70 58 69 69
0246_0129_0115_0050_0050.jpg 1 129 115 50 50
0247_0017_0037_0104_0104.jpg 1 17 37 104 104
0248_0050_0019_0111_0111.jpg 1 50 19 111 111
0249_0074_0031_0083_0083.jpg 1 74 31 83 83
0250_0072_0066_0106_0106.jpg 1 72 66 106 106
0251_0016_0015_0133_0133.jpg 1 16 15 133 133
0252_0031_0070_0094_0094.jpg 1 31 70 94 94
0253_0036_0054_0070_0070.jpg 1 36 54 70 70
0254_0060_0055_0108_0108.jpg 1 60 55 108 108
0255_0041_0045_0129_0129.jpg 1 41 45 129 129
0256_0074_0031_0112_0112.jpg 1 74 31 112 112
