0001_0064_0055_0127_0127.jpg 1 64 55 127 127
0002_0070_0070_0092_0092.jpg 1 70 70 92 92
0003_0026_0053_0110_0110.jpg 1 26 53 110 110
0004_0089_0107_0050_0050.jpg 1 89 107 50 50
0005_0036_0064_0094_0094.jpg 1 36 64 94 94
0006_0030_0064_0098_0098.jpg 1 30 64 98 98
0007_0010_0050_0122_0122.jpg 1 10 50 122 122
0008_0034_0015_0104_0104.jpg 1 34 15 104 104
0009_0029_0051_0095_0095.jpg 1 29 51 95 95
0010_0042_0041_0131_0131.jpg 1 42 41 131 131
0011_0008_0016_0121_0121.jpg 1 8 16 121 121
0012_0114_0017_0055_0055.jpg 1 114 17 55 55
0013_0071_0056_0085_0085.jpg 1 71 56 85 85
0014_0079_0069_0088_0088.jpg 1 79 69 88 88
0015_0062_0019_0075_0075.jpg 1 62 19 75 75
0016_0017_0053_0134_0134.jpg 1 17 53 134 134
0017_0032_0071_0053_0053.jpg 1 32 71 53 53
0018_0008_0014_0134_0134.jpg 1 8 14 134 134
0019_0015_0020_0131_0131.jpg 1 15 20 131 131
0020_0055_0096_0068_0068.jpg 1 55 96 68 68
0021_0007_0053_0127_0127.jpg 1 7 53 127 127
0022_0062_0035_0127_0127.jpg 1 62 35 127 127
0023_0074_0097_0059_0059.jpg 1 74 97 59 59
0024_0036_0085_0082_0082.jpg 1 36 85 82 82
0025_0101_0069_0068_0068.jpg 1 101 69 68 68
0026_0079_0066_0098_0098.jpg 1 79 66 98 98
0027_0050_0047_0127_0127.jpg 1 50 47 127 127
0028_0021_0073_0114_0114.jpg 1 21 73 114 114
0029_0063_0119_0062_0062.jpg 1 63 119 62 62
0030_0045_0039_0102_0102.jpg 1 45 39 102 102
0031_0051_0029_0123_0123.jpg 1 51 29 123 123
0032_0058_0012_0086_0086.jpg 1 58 12 86 86
0033_0051_0103_0080_0080.jpg 1 51 103 80 80
0034_0014_0068_0098_0098.jpg 1 14 68 98 98
0035_0033_0023_0137_0137.jpg 1 33 23 137 137
0036_0015_0041_0082_0082.jpg 1 15 41 82 82
0037_0078_0028_0099_0099.jpg 1 78 28 99 99
0038_0050_0114_0070_0070.jpg 1 50 114 70 70
0039_0034_0051_0113_0113.jpg 1 34 51 113 113
0040_0029_0057_0117_0117.jpg 1 29 57 117 117
0041_0078_0061_0096_0096.jpg 1 78 61 96 96
0042_0045_0046_0058_0058.jpg 1 45 46 58 58
0043_0076_0026_0105_0105.jpg 1 76 26 105 105
0044_0039_0037_0063_0063.jpg 1 39 37 63 63
0045_0022_0043_0139_0139.jpg 1 22 43 139 139
0046_0068_0032_0076_0076.jpg 1 68 32 76 76
0047_0085_0035_0052_0052.jpg 1 85 35 52 52
0048_0125_0100_0058_0058.jpg 1 125 100 58 58
0049_0052_0018_0068_0068.jpg 1 52 18 68 68
0050_0058_0057_0132_0132.jpg 1 58 57 132 132
0051_0055_0096_0051_0051.jpg 1 55 96 51 51
0052_0056_0078_0093_0093.jpg 1 56 78 93 93
0053_0021_0023_0121_0121.jpg 1 21 23 121 121
0054_0034_0010_0119_0119.jpg 1 34 10 119 119
0055_0010_0049_0132_0132.jpg 1 10 49 132 132
0056_0044_0048_0075_0075.jpg 1 44 48 75 75
0057_0074_0021_0065_0065.jpg 1 74 21 65 65
0058_0058_0058_0093_0093.jpg 1 58 58 93 93
0059_0073_0092_0085_0085.jpg 1 73 92 85 85
0060_0074_0030_0078_0078.jpg 1 74 30 78 78
0061_0017_0042_0111_0111.jpg 1 17 42 111 111
0062_0066_0056_0051_0051.jpg 1 66 56 51 51
0063_0059_0080_0096_0096.jpg 1 59 80 96 96
0064_0032_0032_0081_0081.jpg 1 32 32 81 81
0065_0085_0022_0082_0082.jpg 1 85 22 82 82
0066_0067_0056_0071_0071.jpg 1 67 56 71 71
0067_0029_0045_0072_0072.jpg 1 29 45 72 72
0068_0015_0018_0133_0133.jpg 1 15 18 133 133
0069_0025_0034_0084_0084.jpg 1 25 34 84 84
0070_0062_0084_0093_0093.jpg 1 62 84 93 93
0071_0049_0056_0109_0109.jpg 1 49 56 109 109
0072_0099_0017_0083_0083.jpg 1 99 17 83 83
0073_0038_0059_0126_0126.jpg 1 38 59 126 126
0074_0075_0104_0077_0077.jpg 1 75 104 77 77
0075_0014_0044_0138_0138.jpg 1 14 44 138 138
0076_0063_0026_0120_0120.jpg 1 63 26 120 120
0077_0070_0052_0051_0051.jpg 1 70 52 51 51
0078_0014_0064_0110_0110.jpg 1 14 64 110 110
0079_0030_0090_0082_0082.jpg 1 30 90 82 82
0080_0026_0038_0085_0085.jpg 1 26 38 85 85
0081_0031_0015_0135_0135.jpg 1 31 15 135 135
0082_0021_0022_0060_0060.jpg 1 21 22 60 60
0083_0109_0102_0077_0077.jpg 1 109 102 77 77
0084_0028_0060_0091_0091.jpg 1 28 60 91 91
0085_0048_0043_0134_0134.jpg 1 48 43 134 134
0086_0105_0076_0079_0079.jpg 1 105 76 79 79
0087_0020_0073_0098_0098.jpg 1 20 73 98 98
0088_0095_0062_0084_0084.jpg 1 95 62 84 84
0089_0084_0057_0050_0050.jpg 1 84 57 50 50
0090_0091_0060_0080_0080.jpg 1 91 60 80 80
0091_0102_0019_0082_0082.jpg 1 102 19 82 82
0092_0080_0027_0106_0106.jpg 1 80 27 106 106
0093_0025_0074_0107_0107.jpg 1 25 74 107 107
0094_0043_0009_0131_0131.jpg 1 43 9 131 131
0095_0035_0062_0064_0064.jpg 1 35 62 64 64
0096_0032_0023_0113_0113.jpg 1 32 23 113 113
0097_0018_0070_0072_0072.jpg 1 18 70 72 72
0098_0032_0040_0122_0122.jpg 1 32 40 122 122
0099_0042_0032_0105_0105.jpg 1 42 32 105 105
0100_0045_0079_0066_0066.jpg 1 45 79 66 66
0101_0088_0070_0086_0086.jpg 1 88 70 86 86
0102_0094_0086_0068_0068.jpg 1 94 86 68 68
0103_0076_0065_0106_0106.jpg 1 76 65 106 106
0104_0046_0016_0099_0099.jpg 1 46 16 99 99
0105_0019_0069_0112_0112.jpg 1 19 69 112 112
0106_0033_0035_0081_0081.jpg 1 33 35 81 81
0107_0044_0015_0069_0069.jpg 1 44 15 69 69
0108_0036_0052_0122_0122.jpg 1 36 52 122 122
0109_0088_0028_0055_0055.jpg 1 88 28 55 55
0110_0027_0104_0050_0050.jpg 1 27 104 50 50
0111_0033_0041_0127_0127.jpg 1 33 41 127 127
0112_0018_0051_0134_0134.jpg 1 18 51 134 134
0113_0018_0006_0139_0139.jpg 1 18 6 139 139
0114_0091_0066_0064_0064.jpg 1 91 66 64 64
0115_0064_0040_0075_0075.jpg 1 64 40 75 75
0116_0101_0095_0066_0066.jpg 1 101 95 66 66
0117_0064_0013_0082_0082.jpg 1 64 13 82 82
0118_0061_0044_0069_0069.jpg 1 61 44 69 69
0119_0054_0075_0097_0097.jpg 1 54 75 97 97
0120_0060_0065_0082_0082.jpg 1 60 65 82 82
0121_0010_0048_0107_0107.jpg 1 10 48 107 107
0122_0069_0010_0111_0111.jpg 1 69 10 111 111
0123_0082_0079_0050_0050.jpg 1 82 79 50 50
0124_0061_0036_0062_0062.jpg 1 61 36 62 62
0125_0052_0066_0072_0072.jpg 1 52 66 72 72
0126_0074_0026_0057_0057.jpg 1 74 26 57 57
0127_0104_0036_0071_0071.jpg 1 104 36 71 71
0128_0044_0019_0136_0136.jpg 1 44 19 136 136
0129_0051_0022_0103_0103.jpg 1 51 22 103 103
0130_0077_0052_0065_0065.jpg 1 77 52 65 65
0131_0023_0015_0070_0070.jpg 1 23 15 70 70
0132_0018_0053_0065_0065.jpg 1 18 53 65 65
0133_0076_0025_0096_0096.jpg 1 76 25 96 96
0134_0060_0070_0050_0050.jpg 1 60 70 50 50
0135_0052_0100_0085_0085.jpg 1 52 100 85 85
0136_0064_0063_0102_0102.jpg 1 64 63 102 102
0137_0060_0010_0120_0120.jpg 1 60 10 120 120
0138_0087_0074_0083_0083.jpg 1 87 74 83 83
0139_0036_0063_0062_0062.jpg 1 36 63 62 62
0140_0021_0056_0061_0061.jpg 1 21 56 61 61
0141_0090_0089_0074_0074.jpg 1 90 89 74 74
0142_0090_0085_0084_0084.jpg 1 90 85 84 84
0143_0078_0073_0107_0107.jpg 1 78 73 107 107
0144_0056_0022_0111_0111.jpg 1 56 22 111 111
0145_0097_0018_0084_0084.jpg 1 97 18 84 84
0146_0021_0057_0103_0103.jpg 1 21 57 103 103
0147_0084_0102_0056_0056.jpg 1 84 102 56 56
0148_0076_0022_0086_0086.jpg 1 76 22 86 86
0149_0047_0048_0089_0089.jpg 1 47 48 89 89
0150_0014_0014_0092_0092.jpg 1 14 14 92 92
0151_0078_0014_0109_0109.jpg 1 78 14 109 109
0152_0040_0041_0068_0068.jpg 1 40 41 68 68
0153_0035_0047_0109_0109.jpg 1 35 47 109 109
0154_0040_0058_0118_0118.jpg 1 40 58 118 118
0155_0074_0027_0054_0054.jpg 1 74 27 54 54
0156_0049_0025_0108_0108.jpg 1 49 25 108 108
0157_0021_0019_0131_0131.jpg 1 21 19 131 131
0158_0121_0101_0054_0054.jpg 1 121 101 54 54
0159_0029_0027_0092_0092.jpg 1 29 27 92 92
0160_0062_0118_0057_0057.jpg 1 62 118 57 57
0161_0064_0066_0094_0094.jpg 1 64 66 94 94
0162_0047_0063_0074_0074.jpg 1 47 63 74 74
0163_0057_0051_0097_0097.jpg 1 57 51 97 97
0164_0009_0044_0105_0105.jpg 1 9 44 105 105
0165_0085_0061_0050_0050.jpg 1 85 61 50 50
0166_0108_0056_0049_0049.jpg 1 108 56 49 49
0167_0082_0109_0055_0055.jpg 1 82 109 55 55
0168_0031_0031_0131_0131.jpg 1 31 31 131 131
0169_0020_0025_0127_0127.jpg 1 20 25 127 127
0170_0034_0054_0079_0079.jpg 1 34 54 79 79
0171_0028_0010_0130_0130.jpg 1 28 10 130 130
0172_0036_0010_0135_0135.jpg 1 36 10 135 135
0173_0027_0013_0114_0114.jpg 1 27 13 114 114
0174_0023_0011_0112_0112.jpg 1 23 11 112 112
0175_0099_0102_0080_0080.jpg 1 99 102 80 80
0176_0105_0101_0078_0078.jpg 1 105 101 78 78
0177_0040_0047_0134_0134.jpg 1 40 47 134 134
0178_0075_0044_0068_0068.jpg 1 75 44 68 68
0179_0088_0044_0088_0088.jpg 1 88 44 88 88
0180_0050_0090_0077_0077.jpg 1 50 90 77 77
0181_0022_0029_0114_0114.jpg 1 22 29 114 114
0182_0063_0052_0118_0118.jpg 1 63 52 118 118
0183_0022_0030_0135_0135.jpg 1 22 30 135 135
0184_0023_0041_0095_0095.jpg 1 23 41 95 95
0185_0066_0091_0067_0067.jpg 1 66 91 67 67
0186_0080_0081_0100_0100.jpg 1 80 81 100 100
0187_0049_0055_0131_0131.jpg 1 49 55 131 131
0188_0090_0062_0072_0072.jpg 1 90 62 72 72
0189_0032_0018_0111_0111.jpg 1 32 18 111 111
0190_0012_0049_0135_0135.jpg 1 12 49 135 135
0191_0007_0061_0128_0128.jpg 1 7 61 128 128
0192_0063_0014_0128_0128.jpg 1 63 14 128 128
0193_0045_0030_0114_0114.jpg 1 45 30 114 114
0194_0102_0084_0079_0079.jpg 1 102 84 79 79
0195_0026_0061_0127_0127.jpg 1 26 61 127 127
0196_0008_0061_0123_0123.jpg 1 8 61 123 123
0197_0040_0075_0079_0079.jpg 1 40 75 79 79
0198_0075_0040_0097_0097.jpg 1 75 40 97 97
0199_0068_0050_0088_0088.jpg 1 68 50 88 88
0200_0053_0046_0121_0121.jpg 1 53 46 121 121
0201_0046_0011_0105_0105.jpg 1 46 11 105 105
0202_0058_0051_0130_0130.jpg 1 58 51 130 130
0203_0029_0024_0105_0105.jpg 1 29 24 105 105
0204_0073_0086_0101_0101.jpg 1 73 86 101 101
0205_0031_0094_0085_0085.jpg 1 31 94 85 85
0206_0019_0070_0116_0116.jpg 1 19 70 116 116
0207_0069_0054_0098_0098.jpg 1 69 54 98 98
0208_0031_0094_0050_0050.jpg 1 31 94 50 50
0209_0046_0020_0131_0131.jpg 1 46 20 131 131
0210_0091_0040_0085_0085.jpg 1 91 40 85 85
0211_0013_0031_0134_0134.jpg 1 13 31 134 134
0212_0017_0048_0127_0127.jpg 1 17 48 127 127
0213_0027_0040_0129_0129.jpg 1 27 40 129 129
0214_0018_0059_0116_0116.jpg 1 18 59 116 116
0215_0020_0067_0060_0060.jpg 1 20 67 60 60
0216_0068_0078_0105_0105.jpg 1 68 78 105 105
0217_0021_0059_0104_0104.jpg 1 21 59 104 104
0218_0062_0087_0102_0102.jpg 1 62 87 102 102
0219_0022_0081_0082_0082.jpg 1 22 81 82 82
0220_0032_0051_0056_0056.jpg 1 32 51 56 56
0221_0067_0016_0069_0069.jpg 1 67 16 69 69
0222_0014_0010_0130_0130.jpg 1 14 10 130 130
0223_0084_0031_0093_0093.jpg 1 84 31 93 93
0224_0012_0069_0099_0099.jpg 1 12 69 99 99
0225_0027_0011_0114_0114.jpg 1 27 11 114 114
0226_0023_0011_0125_0125.jpg 1 23 11 125 125
0227_0039_0023_0126_0126.jpg 1 39 23 126 126
0228_0059_0059_0130_0130.jpg 1 59 59 130 130
0229_0066_0054_0081_0081.jpg 1 66 54 81 81
0230_0085_0118_0060_0060.jpg 1 85 118 60 60
0231_0028_0120_0053_0053.jpg 1 28 120 53 53
0232_0024_0041_0133_0133.jpg 1 24 41 133 133
0233_0024_0030_0104_0104.jpg 1 24 30 104 104
0234_0090_0029_0081_0081.jpg 1 90 29 81 81
0235_0091_0094_0095_0095.jpg 1 91 94 95 95
0236_0063_0041_0077_0077.jpg 1 63 41 77 77
0237_0028_0073_0065_0065.jpg 1 28 73 65 65
0238_0048_0030_0076_0076.jpg 1 48 30 76 76
0239_0057_0026_0110_0110.jpg 1 57 26 110 110
0240_0045_0050_0124_0124.jpg 1 45 50 124 124
0241_0051_0090_0075_0075.jpg 1 51 90 75 75
0242_0010_0019_0135_0135.jpg 1 10 19 135 135
0243_0059_0013_0116_0116.jpg 1 59 13 116 116
0244_0061_0056_0092_0092.jpg 1 61 56 92 92
0245_0076_0102_0074_0074.jpg 1 76 102 74 74
0246_0062_0024_0083_0083.jpg 1 62 24 83 83
0247_0051_0058_0123_0123.jpg 1 51 58 123 123
0248_0058_0066_0117_0117.jpg 1 58 66 117 117
0249_0075_0053_0101_0101.jpg 1 75 53 101 101
0250_0036_0053_0115_0115.jpg 1 36 53 115 115
0251_0064_0051_0076_0076.jpg 1 64 51 76 76
0252_0048_0036_0110_0110.jpg 1 48 36 110 110
0253_0107_0056_0065_0065.jpg 1 107 56 65 65
0254_0034_0015_0116_0116.jpg 1 34 15 116 116
0255_0041_0047_0114_0114.jpg 1 41 47 114 114
0256_0063_0040_0075_0075.jpg 1 63 40 75 75
