0001_0053_0104_0059_0059.jpg 1 53 104 59 59
0002_0056_0048_0109_0109.jpg 1 56 48 109 109
0003_0064_0034_0106_0106.jpg 1 64 34 106 106
0004_0044_0026_0137_0137.jpg 1 44 26 137 137
0005_0058_0064_0066_0066.jpg 1 58 64 66 66
0006_0087_0082_0096_0096.jpg 1 87 82 96 96
0007_0041_0035_0130_0130.jpg 1 41 35 130 130
0008_0015_0051_0118_0118.jpg 1 15 51 118 118
0009_0041_0084_0076_0076.jpg 1 41 84 76 76
0010_0008_0054_0136_0136.jpg 1 8 54 136 136
0011_0027_0014_0081_0081.jpg 1 27 14 81 81
0012_0045_0013_0136_0136.jpg 1 45 13 136 136
0013_0029_0056_0136_0136.jpg 1 29 56 136 136
0014_0032_0022_0077_0077.jpg 1 32 22 77 77
0015_0025_0029_0088_0088.jpg 1 25 29 88 88
0016_0044_0046_0122_0122.jpg 1 44 46 122 122
0017_0052_0043_0111_0111.jpg 1 52 43 111 111
0018_0014_0011_0119_0119.jpg 1 14 11 119 119
0019_0092_0102_0061_0061.jpg 1 92 102 61 61
0020_0059_0013_0086_0086.jpg 1 59 13 86 86
0021_0034_0034_0119_0119.jpg 1 34 34 119 119
0022_0035_0023_0131_0131.jpg 1 35 23 131 131
0023_0075_0025_0108_0108.jpg 1 75 25 108 108
0024_0095_0049_0077_0077.jpg 1 95 49 77 77
0025_0116_0042_0059_0059.jpg 1 116 42 59 59
0026_0074_0058_0112_0112.jpg 1 74 58 112 112
0027_0029_0060_0098_0098.jpg 1 29 60 98 98
0028_0024_0076_0079_0079.jpg 1 24 76 79 79
0029_0035_0045_0111_0111.jpg 1 35 45 111 111
0030_0046_0080_0093_0093.jpg 1 46 80 93 93
0031_0054_0033_0127_0127.jpg 1 54 33 127 127
0032_0046_0055_0136_0136.jpg 1 46 55 136 136
0033_0062_0036_0108_0108.jpg 1 62 36 108 108
0034_0045_0019_0116_0116.jpg 1 45 19 116 116
0035_0050_0020_0104_0104.jpg 1 50 20 104 104
0036_0113_0106_0051_0051.jpg 1 113 106 51 51
0037_0083_0047_0059_0059.jpg 1 83 47 59 59
0038_0087_0065_0084_0084.jpg 1 87 65 84 84
0039_0104_0091_0064_0064.jpg 1 104 91 64 64
0040_0054_0052_0136_0136.jpg 1 54 52 136 136
0041_0018_0050_0139_0139.jpg 1 18 50 139 139
0042_0013_0083_0087_0087.jpg 1 13 83 87 87
0043_0073_0028_0083_0083.jpg 1 73 28 83 83
0044_0015_0043_0072_0072.jpg 1 15 43 72 72
0045_0059_0059_0107_0107.jpg 1 59 59 107 107
0046_0079_0106_0075_0075.jpg 1 79 106 75 75
0047_0030_0039_0073_0073.jpg 1 30 39 73 73
0048_0066_0056_0093_0093.jpg 1 66 56 93 93
0049_0071_0085_0081_0081.jpg 1 71 85 81 81
0050_0086_0039_0057_0057.jpg 1 86 39 57 57
0051_0011_0053_0120_0120.jpg 1 11 53 120 120
0052_0028_0017_0123_0123.jpg 1 28 17 123 123
0053_0102_0115_0062_0062.jpg 1 102 115 62 62
0054_0093_0036_0051_0051.jpg 1 93 36 51 51
0055_0009_0013_0118_0118.jpg 1 9 13 118 118
0056_0029_0053_0113_0113.jpg 1 29 53 113 113
0057_0021_0037_0124_0124.jpg 1 21 37 124 124
0058_0056_0068_0116_0116.jpg 1 56 68 116 116
0059_0120_0093_0060_0060.jpg 1 120 93 60 60
0060_0008_0049_0137_0137.jpg 1 8 49 137 137
0061_0019_0085_0095_0095.jpg 1 19 85 95 95
0062_0061_0063_0122_0122.jpg 1 61 63 122 122
0063_0055_0039_0066_0066.jpg 1 55 39 66 66
0064_0055_0017_0102_0102.jpg 1 55 17 102 102
0065_0041_0016_0125_0125.jpg 1 41 16 125 125
0066_0094_0074_0073_0073.jpg 1 94 74 73 73
0067_0093_0064_0074_0074.jpg 1 93 64 74 74
0068_0013_0011_0108_0108.jpg 1 13 11 108 108
0069_0078_0048_0108_0108.jpg 1 78 48 108 108
0070_0029_0072_0085_0085.jpg 1 29 72 85 85
0071_0059_0033_0116_0116.jpg 1 59 33 116 116
0072_0053_0057_0089_0089.jpg 1 53 57 89 89
0073_0008_0052_0131_0131.jpg 1 8 52 131 131
0074_0059_0062_0128_0128.jpg 1 59 62 128 128
0075_0044_0059_0064_0064.jpg 1 44 59 64 64
0076_0037_0034_0050_0050.jpg 1 37 34 50 50
0077_0039_0034_0060_0060.jpg 1 39 34 60 60
0078_0051_0048_0130_0130.jpg 1 51 48 130 130
0079_0052_0029_0101_0101.jpg 1 52 29 101 101
0080_0025_0074_0107_0107.jpg 1 25 74 107 107
0081_0020_0062_0089_0089.jpg 1 20 62 89 89
0082_0100_0073_0083_0083.jpg 1 100 73 83 83
0083_0011_0011_0120_0120.jpg 1 11 11 120 120
0084_0081_0063_0080_0080.jpg 1 81 63 80 80
0085_0036_0081_0049_0049.jpg 1 36 81 49 49
0086_0118_0081_0053_0053.jpg 1 118 81 53 53
0087_0073_0050_0093_0093.jpg 1 73 50 93 93
0088_0011_0073_0100_0100.jpg 1 11 73 100 100
0089_0092_0042_0093_0093.jpg 1 92 42 93 93
0090_0077_0097_0083_0083.jpg 1 77 97 83 83
0091_0019_0016_0133_0133.jpg 1 19 16 133 133
0092_0100_0037_0065_0065.jpg 1 100 37 65 65
0093_0016_0009_0123_0123.jpg 1 16 9 123 123
0094_0086_0050_0085_0085.jpg 1 86 50 85 85
0095_0025_0047_0069_0069.jpg 1 25 47 69 69
0096_0024_0028_0136_0136.jpg 1 24 28 136 136
0097_0100_0069_0081_0081.jpg 1 100 69 81 81
0098_0095_0092_0062_0062.jpg 1 95 92 62 62
0099_0125_0090_0052_0052.jpg 1 125 90 52 52
0100_0060_0071_0065_0065.jpg 1 60 71 65 65
0101_0107_0023_0061_0061.jpg 1 107 23 61 61
0102_0083_0091_0092_0092.jpg 1 83 91 92 92
0103_0100_0044_0057_0057.jpg 1 100 44 57 57
0104_0047_0018_0118_0118.jpg 1 47 18 118 118
0105_0059_0044_0120_0120.jpg 1 59 44 120 120
0106_0039_0028_0119_0119.jpg 1 39 28 119 119
0107_0074_0049_0088_0088.jpg 1 74 49 88 88
0108_0024_0129_0054_0054.jpg 1 24 129 54 54
0109_0023_0031_0136_0136.jpg 1 23 31 136 136
0110_0090_0042_0068_0068.jpg 1 90 42 68 68
0111_0054_0060_0072_0072.jpg 1 54 60 72 72
0112_0064_0068_0093_0093.jpg 1 64 68 93 93
0113_0047_0009_0117_0117.jpg 1 47 9 117 117
0114_0080_0079_0104_0104.jpg 1 80 79 104 104
0115_0102_0038_0066_0066.jpg 1 102 38 66 66
0116_0074_0040_0072_0072.jpg 1 74 40 72 72
0117_0018_0051_0104_0104.jpg 1 18 51 104 104
0118_0066_0059_0126_0126.jpg 1 66 59 126 126
0119_0024_0044_0061_0061.jpg 1 24 44 61 61
0120_0048_0038_0136_0136.jpg 1 48 38 136 136
0121_0054_0038_0118_0118.jpg 1 54 38 118 118
0122_0048_0015_0136_0136.jpg 1 48 15 136 136
0123_0051_0017_0063_0063.jpg 1 51 17 63 63
0124_0049_0021_0139_0139.jpg 1 49 21 139 139
0125_0046_0050_0074_0074.jpg 1 46 50 74 74
0126_0056_0014_0116_0116.jpg 1 56 14 116 116
0127_0023_0068_0103_0103.jpg 1 23 68 103 103
0128_0064_0011_0087_0087.jpg 1 64 11 87 87
0129_0048_0070_0088_0088.jpg 1 48 70 88 88
0130_0031_0061_0056_0056.jpg 1 31 61 56 56
0131_0088_0041_0078_0078.jpg 1 88 41 78 78
0132_0059_0016_0105_0105.jpg 1 59 16 105 105
0133_0087_0012_0078_0078.jpg 1 87 12 78 78
0134_0010_0072_0098_0098.jpg 1 10 72 98 98
0135_0048_0048_0127_0127.jpg 1 48 48 127 127
0136_0050_0044_0126_0126.jpg 1 50 44 126 126
0137_0053_0021_0083_0083.jpg 1 53 21 83 83
0138_0019_0042_0138_0138.jpg 1 19 42 138 138
0139_0049_0025_0095_0095.jpg 1 49 25 95 95
0140_0077_0083_0068_0068.jpg 1 77 83 68 68
0141_0018_0064_0094_0094.jpg 1 18 64 94 94
0142_0057_0032_0101_0101.jpg 1 57 32 101 101
0143_0096_0062_0059_0059.jpg 1 96 62 59 59
0144_0042_0038_0100_0100.jpg 1 42 38 100 100
0145_0016_0013_0134_0134.jpg 1 16 13 134 134
0146_0072_0096_0062_0062.jpg 1 72 96 62 62
0147_0058_0030_0118_0118.jpg 1 58 30 118 118
0148_0074_0090_0061_0061.jpg 1 74 90 61 61
0149_0036_0050_0059_0059.jpg 1 36 50 59 59
0150_0078_0020_0098_0098.jpg 1 78 20 98 98
0151_0044_0084_0098_0098.jpg 1 44 84 98 98
0152_0107_0068_0050_0050.jpg 1 107 68 50 50
0153_0093_0046_0056_0056.jpg 1 93 46 56 56
0154_0041_0091_0081_0081.jpg 1 41 91 81 81
0155_0009_0063_0111_0111.jpg 1 9 63 111 111
0156_0083_0075_0059_0059.jpg 1 83 75 59 59
0157_0057_0045_0131_0131.jpg 1 57 45 131 131
0158_0084_0112_0068_0068.jpg 1 84 112 68 68
0159_0038_0028_0129_0129.jpg 1 38 28 129 129
0160_0034_0083_0062_0062.jpg 1 34 83 62 62
0161_0031_0076_0103_0103.jpg 1 31 76 103 103
0162_0094_0081_0080_0080.jpg 1 94 81 80 80
0163_0036_0051_0065_0065.jpg 1 36 51 65 65
0164_0042_0026_0089_0089.jpg 1 42 26 89 89
0165_0062_0096_0062_0062.jpg 1 62 96 62 62
0166_0100_0103_0084_0084.jpg 1 100 103 84 84
0167_0036_0018_0130_0130.jpg 1 36 18 130 130
0168_0041_0060_0089_0089.jpg 1 41 60 89 89
0169_0016_0065_0114_0114.jpg 1 16 65 114 114
0170_0023_0020_0130_0130.jpg 1 23 20 130 130
0171_0049_0011_0137_0137.jpg 1 49 11 137 137
0172_0077_0020_0104_0104.jpg 1 77 20 104 104
0173_0046_0053_0123_0123.jpg 1 46 53 123 123
0174_0025_0048_0123_0123.jpg 1 25 48 123 123
0175_0031_0044_0085_0085.jpg 1 31 44 85 85
0176_0082_0069_0050_0050.jpg 1 82 69 50 50
0177_0057_0033_0125_0125.jpg 1 57 33 125 125
0178_0027_0074_0095_0095.jpg 1 27 74 95 95
0179_0032_0044_0087_0087.jpg 1 32 44 87 87
0180_0053_0024_0136_0136.jpg 1 53 24 136 136
0181_0017_0050_0113_0113.jpg 1 17 50 113 113
0182_0049_0087_0088_0088.jpg 1 49 87 88 88
0183_0051_0017_0095_0095.jpg 1 51 17 95 95
0184_0014_0095_0084_0084.jpg 1 14 95 84 84
0185_0059_0022_0109_0109.jpg 1 59 22 109 109
0186_0062_0045_0079_0079.jpg 1 62 45 79 79
0187_0047_0069_0051_0051.jpg 1 47 69 51 51
0188_0033_0086_0100_0100.jpg 1 33 86 100 100
0189_0128_0097_0054_0054.jpg 1 128 97 54 54
0190_0025_0053_0096_0096.jpg 1 25 53 96 96
0191_0082_0044_0055_0055.jpg 1 82 44 55 55
0192_0033_0055_0091_0091.jpg 1 33 55 91 91
0193_0048_0117_0050_0050.jpg 1 48 117 50 50
0194_0025_0022_0091_0091.jpg 1 25 22 91 91
0195_0051_0013_0116_0116.jpg 1 51 13 116 116
0196_0067_0102_0075_0075.jpg 1 67 102 75 75
0197_0029_0076_0062_0062.jpg 1 29 76 62 62
0198_0076_0096_0090_0090.jpg 1 76 96 90 90
0199_0047_0093_0055_0055.jpg 1 47 93 55 55
0200_0092_0034_0075_0075.jpg 1 92 34 75 75
0201_0079_0050_0080_0080.jpg 1 79 50 80 80
0202_0060_0018_0055_0055.jpg 1 60 18 55 55
0203_0039_0067_0090_0090.jpg 1 39 67 90 90
0204_0084_0067_0075_0075.jpg 1 84 67 75 75
0205_0050_0072_0110_0110.jpg 1 50 72 110 110
0206_0067_0059_0124_0124.jpg 1 67 59 124 124
0207_0075_0093_0093_0093.jpg 1 75 93 93 93
0208_0065_0064_0098_0098.jpg 1 65 64 98 98
0209_0032_0125_0059_0059.jpg 1 32 125 59 59
0210_0094_0042_0082_0082.jpg 1 94 42 82 82
0211_0056_0040_0048_0048.jpg 1 56 40 48 48
0212_0074_0072_0095_0095.jpg 1 74 72 95 95
0213_0029_0026_0136_0136.jpg 1 29 26 136 136
0214_0056_0011_0126_0126.jpg 1 56 11 126 126
0215_0058_0053_0124_0124.jpg 1 58 53 124 124
0216_0102_0097_0080_0080.jpg 1 102 97 80 80
0217_0074_0013_0116_0116.jpg 1 74 13 116 116
0218_0018_0082_0077_0077.jpg 1 18 82 77 77
0219_0090_0054_0050_0050.jpg 1 90 54 50 50
0220_0065_0059_0125_0125.jpg 1 65 59 125 125
0221_0023_0088_0101_0101.jpg 1 23 88 101 101
0222_0053_0048_0112_0112.jpg 1 53 48 112 112
0223_0059_0049_0116_0116.jpg 1 59 49 116 116
0224_0052_0054_0134_0134.jpg 1 52 54 134 134
0225_0050_0009_0114_0114.jpg 1 50 9 114 114
0226_0036_0067_0115_0115.jpg 1 36 67 115 115
0227_0057_0012_0125_0125.jpg 1 57 12 125 125
0228_0019_0071_0084_0084.jpg 1 19 71 84 84
0229_0049_0078_0087_0087.jpg 1 49 78 87 87
0230_0087_0083_0099_0099.jpg 1 87 83 99 99
0231_0028_0048_0063_0063.jpg 1 28 48 63 63
0232_0081_0068_0083_0083.jpg 1 81 68 83 83
0233_0098_0033_0088_0088.jpg 1 98 33 88 88
0234_0108_0032_0071_0071.jpg 1 108 32 71 71
0235_0046_0031_0115_0115.jpg 1 46 31 115 115
0236_0016_0048_0121_0121.jpg 1 16 48 121 121
0237_0036_0034_0078_0078.jpg 1 36 34 78 78
0238_0058_0033_0120_0120.jpg 1 58 33 120 120
0239_0116_0117_0067_0067.jpg 1 116 117 67 67
0240_0098_0105_0065_0065.jpg 1 98 105 65 65
0241_0023_0072_0090_0090.jpg 1 23 72 90 90
0242_0063_0101_0079_0079.jpg 1 63 101 79 79
0243_0046_0073_0079_0079.jpg 1 46 73 79 79
0244_0081_0067_0103_0103.jpg 1 81 67 103 103
0245_0029_0023_0134_0134.jpg 1 29 23 134 134
0246_0025_0076_0082_0082.jpg 1 25 76 82 82
0247_0047_0092_0066_0066.jpg 1 47 92 66 66
0248_0122_0108_0051_0051.jpg 1 122 108 51 51
0249_0030_0035_0080_0080.jpg 1 30 35 80 80
0250_0011_0044_0132_0132.jpg 1 11 44 132 132
0251_0095_0126_0052_0052.jpg 1 95 126 52 52
0252_0029_0009_0133_0133.jpg 1 29 9 133 133
0253_0030_0015_0078_0078.jpg 1 30 15 78 78
0254_0056_0038_0121_0121.jpg 1 56 38 121 121
0255_0028_0113_0049_0049.jpg 1 28 113 49 49
0256_0032_0022_0095_0095.jpg 1 32 22 95 95
