0001_0120_0055_0059_0059.jpg 1 120 55 59 59
0002_0018_0059_0076_0076.jpg 1 18 59 76 76
0003_0051_0100_0071_0071.jpg 1 51 100 71 71
0004_0032_0053_0132_0132.jpg 1 32 53 132 132
0005_0068_0050_0072_0072.jpg 1 68 50 72 72
0006_0029_0093_0078_0078.jpg 1 29 93 78 78
0007_0073_0028_0106_0106.jpg 1 73 28 106 106
0008_0016_0039_0105_0105.jpg 1 16 39 105 105
0009_0062_0034_0125_0125.jpg 1 62 34 125 125
0010_0052_0099_0072_0072.jpg 1 52 99 72 72
0011_0066_0076_0114_0114.jpg 1 66 76 114 114
0012_0079_0046_0104_0104.jpg 1 79 46 104 104
0013_0041_0035_0088_0088.jpg 1 41 35 88 88
0014_0029_0017_0125_0125.jpg 1 29 17 125 125
0015_0031_0045_0126_0126.jpg 1 31 45 126 126
0016_0028_0042_0065_0065.jpg 1 28 42 65 65
0017_0049_0037_0101_0101.jpg 1 49 37 101 101
0018_0063_0044_0089_0089.jpg 1 63 44 89 89
0019_0077_0037_0097_0097.jpg 1 77 37 97 97
0020_0025_0055_0099_0099.jpg 1 25 55 99 99
0021_0036_0047_0068_0068.jpg 1 36 47 68 68
0022_0076_0031_0064_0064.jpg 1 76 31 64 64
0023_0012_0044_0091_0091.jpg 1 12 44 91 91
0024_0020_0043_0131_0131.jpg 1 20 43 131 131
0025_0046_0038_0134_0134.jpg 1 46 38 134 134
0026_0064_0009_0121_0121.jpg 1 64 9 121 121
0027_0080_0044_0057_0057.jpg 1 80 44 57 57
0028_0094_0051_0060_0060.jpg 1 94 51 60 60
0029_0105_0068_0076_0076.jpg 1 105 68 76 76
0030_0024_0038_0078_0078.jpg 1 24 38 78 78
0031_0117_0105_0065_0065.jpg 1 117 105 65 65
0032_0088_0084_0054_0054.jpg 1 88 84 54 54
0033_0028_0089_0067_0067.jpg 1 28 89 67 67
0034_0017_0035_0105_0105.jpg 1 17 35 105 105
0035_0014_0044_0056_0056.jpg 1 14 44 56 56
0036_0112_0061_0067_0067.jpg 1 112 61 67 67
0037_0052_0040_0128_0128.jpg 1 52 40 128 128
0038_0049_0050_0086_0086.jpg 1 49 50 86 86
0039_0012_0012_0118_0118.jpg 1 12 12 118 118
0040_0093_0067_0074_0074.jpg 1 93 67 74 74
0041_0037_0012_0122_0122.jpg 1 37 12 122 122
0042_0023_0091_0091_0091.jpg 1 23 91 91 91
0043_0068_0067_0079_0079.jpg 1 68 67 79 79
0044_0076_0062_0059_0059.jpg 1 76 62 59 59
0045_0115_0093_0050_0050.jpg 1 115 93 50 50
0046_0046_0047_0048_0048.jpg 1 46 47 48 48
0047_0060_0072_0091_0091.jpg 1 60 72 91 91
0048_0017_0050_0108_0108.jpg 1 17 50 108 108
0049_0048_0104_0067_0067.jpg 1 48 104 67 67
0050_0038_0109_0063_0063.jpg 1 38 109 63 63
0051_0046_0017_0110_0110.jpg 1 46 17 110 110
0052_0064_0049_0103_0103.jpg 1 64 49 103 103
0053_0041_0077_0086_0086.jpg 1 41 77 86 86
0054_0080_0035_0092_0092.jpg 1 80 35 92 92
0055_0062_0099_0048_0048.jpg 1 62 99 48 48
0056_0036_0016_0111_0111.jpg 1 36 16 111 111
0057_0034_0078_0097_0097.jpg 1 34 78 97 97
0058_0008_0053_0124_0124.jpg 1 8 53 124 124
0059_0115_0094_0050_0050.jpg 1 115 94 50 50
0060_0043_0071_0119_0119.jpg 1 43 71 119 119
0061_0069_0075_0075_0075.jpg 1 69 75 75 75
0062_0035_0031_0115_0115.jpg 1 35 31 115 115
0063_0023_0023_0089_0089.jpg 1 23 23 89 89
0064_0060_0074_0103_0103.jpg 1 60 74 103 103
0065_0011_0048_0135_0135.jpg 1 11 48 135 135
0066_0030_0031_0081_0081.jpg 1 30 31 81 81
0067_0090_0018_0094_0094.jpg 1 90 18 94 94
0068_0012_0059_0120_0120.jpg 1 12 59 120 120
0069_0018_0025_0108_0108.jpg 1 18 25 108 108
0070_0098_0060_0058_0058.jpg 1 98 60 58 58
0071_0045_0034_0090_0090.jpg 1 45 34 90 90
0072_0036_0044_0123_0123.jpg 1 36 44 123 123
0073_0031_0008_0128_0128.jpg 1 31 8 128 128
0074_0016_0064_0122_0122.jpg 1 16 64 122 122
0075_0045_0025_0092_0092.jpg 1 45 25 92 92
0076_0021_0093_0068_0068.jpg 1 21 93 68 68
0077_0044_0015_0126_0126.jpg 1 44 15 126 126
0078_0099_0028_0078_0078.jpg 1 99 28 78 78
0079_0050_0018_0076_0076.jpg 1 50 18 76 76
0080_0092_0025_0071_0071.jpg 1 92 25 71 71
0081_0102_0014_0084_0084.jpg 1 102 14 84 84
0082_0022_0039_0138_0138.jpg 1 22 39 138 138
0083_0043_0046_0137_0137.jpg 1 43 46 137 137
0084_0020_0033_0108_0108.jpg 1 20 33 108 108
0085_0041_0035_0131_0131.jpg 1 41 35 131 131
0086_0013_0039_0112_0112.jpg 1 13 39 112 112
0087_0042_0026_0125_0125.jpg 1 42 26 125 125
0088_0010_0086_0099_0099.jpg 1 10 86 99 99
0089_0043_0079_0057_0057.jpg 1 43 79 57 57
0090_0030_0052_0049_0049.jpg 1 30 52 49 49
0091_0087_0068_0078_0078.jpg 1 87 68 78 78
0092_0085_0029_0096_0096.jpg 1 85 29 96 96
0093_0037_0027_0101_0101.jpg 1 37 27 101 101
0094_0057_0050_0103_0103.jpg 1 57 50 103 103
0095_0027_0036_0098_0098.jpg 1 27 36 98 98
0096_0041_0085_0059_0059.jpg 1 41 85 59 59
0097_0076_0053_0061_0061.jpg 1 76 53 61 61
0098_0075_0048_0072_0072.jpg 1 75 48 72 72
0099_0027_0060_0065_0065.jpg 1 27 60 65 65
0100_0060_0087_0080_0080.jpg 1 60 87 80 80
0101_0076_0021_0103_0103.jpg 1 76 21 103 103
0102_0052_0030_0134_0134.jpg 1 52 30 134 134
0103_0060_0031_0070_0070.jpg 1 60 31 70 70
0104_0058_0033_0119_0119.jpg 1 58 33 119 119
0105_0121_0104_0058_0058.jpg 1 121 104 58 58
0106_0060_0021_0132_0132.jpg 1 60 21 132 132
0107_0086_0046_0102_0102.jpg 1 86 46 102 102
0108_0058_0057_0127_0127.jpg 1 58 57 127 127
0109_0027_0043_0125_0125.jpg 1 27 43 125 125
0110_0019_0011_0101_0101.jpg 1 19 11 101 101
0111_0112_0097_0072_0072.jpg 1 112 97 72 72
0112_0041_0024_0139_0139.jpg 1 41 24 139 139
0113_0047_0033_0127_0127.jpg 1 47 33 127 127
0114_0079_0050_0097_0097.jpg 1 79 50 97 97
0115_0104_0053_0058_0058.jpg 1 104 53 58 58
0116_0084_0049_0065_0065.jpg 1 84 49 65 65
0117_0081_0024_0109_0109.jpg 1 81 24 109 109
0118_0065_0039_0081_0081.jpg 1 65 39 81 81
0119_0069_0069_0064_0064.jpg 1 69 69 64 64
0120_0055_0074_0092_0092.jpg 1 55 74 92 92
0121_0030_0021_0116_0116.jpg 1 30 21 116 116
0122_0077_0032_0109_0109.jpg 1 77 32 109 109
0123_0017_0067_0099_0099.jpg 1 17 67 99 99
0124_0120_0076_0050_0050.jpg 1 120 76 50 50
0125_0068_0059_0108_0108.jpg 1 68 59 108 108
0126_0058_0118_0058_0058.jpg 1 58 118 58 58
0127_0031_0088_0091_0091.jpg 1 31 88 91 91
0128_0044_0054_0115_0115.jpg 1 44 54 115 115
0129_0026_0020_0119_0119.jpg 1 26 20 119 119
0130_0021_0051_0109_0109.jpg 1 21 51 109 109
0131_0011_0011_0104_0104.jpg 1 11 11 104 104
0132_0032_0107_0066_0066.jpg 1 32 107 66 66
0133_0097_0091_0082_0082.jpg 1 97 91 82 82
0134_0131_0070_0050_0050.jpg 1 131 70 50 50
0135_0016_0059_0100_0100.jpg 1 16 59 100 100
0136_0062_0020_0095_0095.jpg 1 62 20 95 95
0137_0080_0049_0089_0089.jpg 1 80 49 89 89
0138_0047_0061_0090_0090.jpg 1 47 61 90 90
0139_0038_0016_0083_0083.jpg 1 38 16 83 83
0140_0015_0035_0094_0094.jpg 1 15 35 94 94
0141_0023_0050_0138_0138.jpg 1 23 50 138 138
0142_0037_0075_0090_0090.jpg 1 37 75 90 90
0143_0009_0062_0122_0122.jpg 1 9 62 122 122
0144_0106_0098_0077_0077.jpg 1 106 98 77 77
0145_0289_0067_0051_0051.jpg 1 289 67 51 51
0146_0020_0072_0073_0073.jpg 1 20 72 73 73
0147_0021_0058_0053_0053.jpg 1 21 58 53 53
0148_0048_0015_0080_0080.jpg 1 48 15 80 80
0149_0055_0116_0070_0070.jpg 1 55 116 70 70
0150_0058_0037_0119_0119.jpg 1 58 37 119 119
0151_0050_0032_0070_0070.jpg 1 50 32 70 70
0152_0105_0058_0079_0079.jpg 1 105 58 79 79
0153_0050_0035_0116_0116.jpg 1 50 35 116 116
0154_0064_0099_0063_0063.jpg 1 64 99 63 63
0155_0029_0017_0088_0088.jpg 1 29 17 88 88
0156_0019_0063_0082_0082.jpg 1 19 63 82 82
0157_0046_0057_0118_0118.jpg 1 46 57 118 118
0158_0032_0067_0116_0116.jpg 1 32 67 116 116
0159_0059_0059_0133_0133.jpg 1 59 59 133 133
0160_0095_0038_0084_0084.jpg 1 95 38 84 84
0161_0027_0071_0077_0077.jpg 1 27 71 77 77
0162_0082_0013_0082_0082.jpg 1 82 13 82 82
0163_0092_0025_0083_0083.jpg 1 92 25 83 83
0164_0036_0026_0098_0098.jpg 1 36 26 98 98
0165_0023_0039_0106_0106.jpg 1 23 39 106 106
0166_0021_0059_0107_0107.jpg 1 21 59 107 107
0167_0018_0060_0113_0113.jpg 1 18 60 113 113
0168_0071_0074_0065_0065.jpg 1 71 74 65 65
0169_0045_0039_0113_0113.jpg 1 45 39 113 113
0170_0050_0010_0119_0119.jpg 1 50 10 119 119
0171_0073_0091_0060_0060.jpg 1 73 91 60 60
0172_0020_0052_0128_0128.jpg 1 20 52 128 128
0173_0019_0088_0060_0060.jpg 1 19 88 60 60
0174_0025_0026_0122_0122.jpg 1 25 26 122 122
0175_0058_0048_0114_0114.jpg 1 58 48 114 114
0176_0071_0063_0057_0057.jpg 1 71 63 57 57
0177_0059_0036_0113_0113.jpg 1 59 36 113 113
0178_0104_0094_0078_0078.jpg 1 104 94 78 78
0179_0053_0068_0111_0111.jpg 1 53 68 111 111
0180_0046_0029_0115_0115.jpg 1 46 29 115 115
0181_0032_0077_0052_0052.jpg 1 32 77 52 52
0182_0053_0069_0122_0122.jpg 1 53 69 122 122
0183_0056_0070_0100_0100.jpg 1 56 70 100 100
0184_0010_0076_0100_0100.jpg 1 10 76 100 100
0185_0018_0035_0130_0130.jpg 1 18 35 130 130
0186_0062_0076_0051_0051.jpg 1 62 76 51 51
0187_0106_0021_0054_0054.jpg 1 106 21 54 54
0188_0071_0084_0103_0103.jpg 1 71 84 103 103
0189_0049_0019_0110_0110.jpg 1 49 19 110 110
0190_0012_0033_0127_0127.jpg 1 12 33 127 127
0191_0052_0087_0058_0058.jpg 1 52 87 58 58
0192_0042_0032_0118_0118.jpg 1 42 32 118 118
0193_0042_0042_0135_0135.jpg 1 42 42 135 135
0194_0064_0011_0108_0108.jpg 1 64 11 108 108
0195_0030_0105_0057_0057.jpg 1 30 105 57 57
0196_0017_0032_0069_0069.jpg 1 17 32 69 69
0197_0064_0023_0116_0116.jpg 1 64 23 116 116
0198_0029_0055_0137_0137.jpg 1 29 55 137 137
0199_0036_0013_0126_0126.jpg 1 36 13 126 126
0200_0097_0053_0068_0068.jpg 1 97 53 68 68
0201_0011_0018_0105_0105.jpg 1 11 18 105 105
0202_0101_0076_0054_0054.jpg 1 101 76 54 54
0203_0016_0014_0071_0071.jpg 1 16 14 71 71
0204_0070_0099_0085_0085.jpg 1 70 99 85 85
0205_0056_0012_0099_0099.jpg 1 56 12 99 99
0206_0032_0038_0061_0061.jpg 1 32 38 61 61
0207_0048_0099_0061_0061.jpg 1 48 99 61 61
0208_0065_0115_0069_0069.jpg 1 65 115 69 69
0209_0094_0073_0082_0082.jpg 1 94 73 82 82
0210_0054_0074_0112_0112.jpg 1 54 74 112 112
0211_0046_0091_0081_0081.jpg 1 46 91 81 81
0212_0083_0045_0054_0054.jpg 1 83 45 54 54
0213_0069_0062_0112_0112.jpg 1 69 62 112 112
0214_0015_0014_0051_0051.jpg 1 15 14 51 51
0215_0048_0012_0113_0113.jpg 1 48 12 113 113
0216_0047_0035_0098_0098.jpg 1 47 35 98 98
0217_0062_0025_0109_0109.jpg 1 62 25 109 109
0218_0070_0043_0080_0080.jpg 1 70 43 80 80
0219_0086_0056_0095_0095.jpg 1 86 56 95 95
0220_0100_0057_0085_0085.jpg 1 100 57 85 85
0221_0052_0048_0111_0111.jpg 1 52 48 111 111
0222_0068_0025_0075_0075.jpg 1 68 25 75 75
0223_0024_0041_0114_0114.jpg 1 24 41 114 114
0224_0069_0075_0109_0109.jpg 1 69 75 109 109
0225_0068_0039_0110_0110.jpg 1 68 39 110 110
0226_0016_0019_0086_0086.jpg 1 16 19 86 86
0227_0016_0054_0135_0135.jpg 1 16 54 135 135
0228_0113_0050_0059_0059.jpg 1 113 50 59 59
0229_0101_0108_0048_0048.jpg 1 101 108 48 48
0230_0071_0088_0063_0063.jpg 1 71 88 63 63
0231_0026_0030_0099_0099.jpg 1 26 30 99 99
0232_0118_0110_0053_0053.jpg 1 118 110 53 53
0233_0031_0022_0139_0139.jpg 1 31 22 139 139
0234_0058_0031_0124_0124.jpg 1 58 31 124 124
0235_0068_0012_0106_0106.jpg 1 68 12 106 106
0236_0063_0054_0052_0052.jpg 1 63 54 52 52
0237_0120_0074_0058_0058.jpg 1 120 74 58 58
0238_0038_0094_0073_0073.jpg 1 38 94 73 73
0239_0028_0012_0127_0127.jpg 1 28 12 127 127
0240_0059_0045_0126_0126.jpg 1 59 45 126 126
0241_0022_0073_0114_0114.jpg 1 22 73 114 114
0242_0016_0051_0053_0053.jpg 1 16 51 53 53
0243_0082_0059_0089_0089.jpg 1 82 59 89 89
0244_0058_0015_0099_0099.jpg 1 58 15 99 99
0245_0051_0106_0068_0068.jpg 1 51 106 68 68
0246_0134_0118_0050_0050.jpg 1 134 118 50 50
0247_0018_0063_0106_0106.jpg 1 18 63 106 106
0248_0048_0047_0113_0113.jpg 1 48 47 113 113
0249_0038_0017_0048_0048.jpg 1 38 17 48 48
0250_0052_0036_0120_0120.jpg 1 52 36 120 120
0251_0071_0098_0062_0062.jpg 1 71 98 62 62
0252_0092_0077_0070_0070.jpg 1 92 77 70 70
0253_0051_0041_0109_0109.jpg 1 51 41 109 109
0254_0031_0023_0092_0092.jpg 1 31 23 92 92
0255_0040_0022_0056_0056.jpg 1 40 22 56 56
0256_0077_0064_0105_0105.jpg 1 77 64 105 105
