0001_0057_0035_0094_0094.jpg 1 57 35 94 94
0002_0096_0019_0069_0069.jpg 1 96 19 69 69
0003_0086_0054_0091_0091.jpg 1 86 54 91 91
0004_0045_0090_0076_0076.jpg 1 45 90 76 76
0005_0020_0073_0114_0114.jpg 1 20 73 114 114
0006_0077_0018_0090_0090.jpg 1 77 18 90 90
0007_0047_0054_0115_0115.jpg 1 47 54 115 115
0008_0016_0014_0077_0077.jpg 1 16 14 77 77
0009_0073_0086_0089_0089.jpg 1 73 86 89 89
0010_0037_0071_0077_0077.jpg 1 37 71 77 77
0011_0099_0119_0060_0060.jpg 1 99 119 60 60
0012_0033_0112_0050_0050.jpg 1 33 112 50 50
0013_0052_0054_0103_0103.jpg 1 52 54 103 103
0014_0014_0080_0104_0104.jpg 1 14 80 104 104
0015_0086_0097_0086_0086.jpg 1 86 97 86 86
0016_0030_0037_0135_0135.jpg 1 30 37 135 135
0017_0016_0080_0105_0105.jpg 1 16 80 105 105
0018_0041_0025_0086_0086.jpg 1 41 25 86 86
0019_0025_0023_0120_0120.jpg 1 25 23 120 120
0020_0060_0078_0087_0087.jpg 1 60 78 87 87
0021_0017_0053_0132_0132.jpg 1 17 53 132 132
0022_0063_0094_0066_0066.jpg 1 63 94 66 66
0023_0031_0029_0138_0138.jpg 1 31 29 138 138
0024_0042_0019_0105_0105.jpg 1 42 19 105 105
0025_0015_0028_0061_0061.jpg 1 15 28 61 61
0026_0034_0044_0085_0085.jpg 1 34 44 85 85
0027_0099_0071_0050_0050.jpg 1 99 71 50 50
0028_0072_0081_0100_0100.jpg 1 72 81 100 100
0029_0051_0036_0056_0056.jpg 1 51 36 56 56
0030_0056_0088_0101_0101.jpg 1 56 88 101 101
0031_0048_0056_0097_0097.jpg 1 48 56 97 97
0032_0083_0041_0072_0072.jpg 1 83 41 72 72
0033_0104_0033_0073_0073.jpg 1 104 33 73 73
0034_0023_0037_0124_0124.jpg 1 23 37 124 124
0035_0060_0051_0048_0048.jpg 1 60 51 48 48
0036_0069_0090_0062_0062.jpg 1 69 90 62 62
0037_0070_0068_0115_0115.jpg 1 70 68 115 115
0038_0064_0040_0061_0061.jpg 1 64 40 61 61
0039_0063_0051_0127_0127.jpg 1 63 51 127 127
0040_0068_0042_0120_0120.jpg 1 68 42 120 120
0041_0013_0098_0072_0072.jpg 1 13 98 72 72
0042_0025_0124_0061_0061.jpg 1 25 124 61 61
0043_0064_0062_0096_0096.jpg 1 64 62 96 96
0044_0042_0076_0065_0065.jpg 1 42 76 65 65
0045_0060_0085_0087_0087.jpg 1 60 85 87 87
0046_0075_0067_0113_0113.jpg 1 75 67 113 113
0047_0066_0050_0125_0125.jpg 1 66 50 125 125
0048_0072_0037_0088_0088.jpg 1 72 37 88 88
0049_0061_0045_0080_0080.jpg 1 61 45 80 80
0050_0087_0061_0093_0093.jpg 1 87 61 93 93
0051_0029_0071_0083_0083.jpg 1 29 71 83 83
0052_0029_0033_0049_0049.jpg 1 29 33 49 49
0053_0027_0046_0105_0105.jpg 1 27 46 105 105
0054_0023_0055_0108_0108.jpg 1 23 55 108 108
0055_0062_0044_0079_0079.jpg 1 62 44 79 79
0056_0090_0016_0077_0077.jpg 1 90 16 77 77
0057_0023_0027_0126_0126.jpg 1 23 27 126 126
0058_0085_0065_0070_0070.jpg 1 85 65 70 70
0059_0089_0056_0049_0049.jpg 1 89 56 49 49
0060_0049_0021_0089_0089.jpg 1 49 21 89 89
0061_0042_0029_0136_0136.jpg 1 42 29 136 136
0062_0012_0064_0116_0116.jpg 1 12 64 116 116
0063_0072_0057_0107_0107.jpg 1 72 57 107 107
0064_0032_0065_0111_0111.jpg 1 32 65 111 111
0065_0054_0014_0138_0138.jpg 1 54 14 138 138
0066_0045_0015_0129_0129.jpg 1 45 15 129 129
0067_0019_0109_0078_0078.jpg 1 19 109 78 78
0068_0102_0075_0050_0050.jpg 1 102 75 50 50
0069_0023_0045_0134_0134.jpg 1 23 45 134 134
0070_0026_0024_0114_0114.jpg 1 26 24 114 114
0071_0052_0050_0085_0085.jpg 1 52 50 85 85
0072_0055_0074_0113_0113.jpg 1 55 74 113 113
0073_0053_0046_0090_0090.jpg 1 53 46 90 90
0074_0040_0045_0099_0099.jpg 1 40 45 99 99
0075_0016_0036_0070_0070.jpg 1 16 36 70 70
0076_0057_0012_0104_0104.jpg 1 57 12 104 104
0077_0085_0037_0052_0052.jpg 1 85 37 52 52
0078_0042_0072_0098_0098.jpg 1 42 72 98 98
0079_0081_0025_0085_0085.jpg 1 81 25 85 85
0080_0069_0066_0087_0087.jpg 1 69 66 87 87
0081_0037_0051_0080_0080.jpg 1 37 51 80 80
0082_0055_0038_0085_0085.jpg 1 55 38 85 85
0083_0024_0061_0085_0085.jpg 1 24 61 85 85
0084_0031_0022_0052_0052.jpg 1 31 22 52 52
0085_0021_0046_0097_0097.jpg 1 21 46 97 97
0086_0035_0037_0101_0101.jpg 1 35 37 101 101
0087_0089_0102_0068_0068.jpg 1 89 102 68 68
0088_0039_0089_0063_0063.jpg 1 39 89 63 63
0089_0050_0015_0067_0067.jpg 1 50 15 67 67
0090_0025_0021_0081_0081.jpg 1 25 21 81 81
0091_0028_0007_0123_0123.jpg 1 28 7 123 123
0092_0038_0090_0066_0066.jpg 1 38 90 66 66
0093_0096_0120_0064_0064.jpg 1 96 120 64 64
0094_0106_0123_0054_0054.jpg 1 106 123 54 54
0095_0091_0045_0088_0088.jpg 1 91 45 88 88
0096_0071_0115_0050_0050.jpg 1 71 115 50 50
0097_0078_0016_0049_0049.jpg 1 78 16 49 49
0098_0091_0093_0060_0060.jpg 1 91 93 60 60
0099_0056_0019_0125_0125.jpg 1 56 19 125 125
0100_0057_0100_0050_0050.jpg 1 57 100 50 50
0101_0079_0032_0063_0063.jpg 1 79 32 63 63
0102_0063_0040_0087_0087.jpg 1 63 40 87 87
0103_0043_0044_0100_0100.jpg 1 43 44 100 100
0104_0085_0029_0071_0071.jpg 1 85 29 71 71
0105_0055_0020_0118_0118.jpg 1 55 20 118 118
0106_0034_0038_0085_0085.jpg 1 34 38 85 85
0107_0045_0029_0091_0091.jpg 1 45 29 91 91
0108_0048_0021_0137_0137.jpg 1 48 21 137 137
0109_0106_0019_0068_0068.jpg 1 106 19 68 68
0110_0117_0082_0058_0058.jpg 1 117 82 58 58
0111_0058_0106_0082_0082.jpg 1 58 106 82 82
0112_0018_0073_0070_0070.jpg 1 18 73 70 70
0113_0083_0070_0080_0080.jpg 1 83 70 80 80
0114_0063_0094_0050_0050.jpg 1 63 94 50 50
0115_0068_0064_0087_0087.jpg 1 68 64 87 87
0116_0069_0021_0117_0117.jpg 1 69 21 117 117
0117_0029_0043_0109_0109.jpg 1 29 43 109 109
0118_0073_0060_0102_0102.jpg 1 73 60 102 102
0119_0010_0062_0109_0109.jpg 1 10 62 109 109
0120_0049_0096_0077_0077.jpg 1 49 96 77 77
0121_0011_0034_0114_0114.jpg 1 11 34 114 114
0122_0033_0082_0101_0101.jpg 1 33 82 101 101
0123_0053_0034_0129_0129.jpg 1 53 34 129 129
0124_0025_0100_0071_0071.jpg 1 25 100 71 71
0125_0100_0030_0067_0067.jpg 1 100 30 67 67
0126_0041_0055_0051_0051.jpg 1 41 55 51 51
0127_0043_0019_0083_0083.jpg 1 43 19 83 83
0128_0060_0069_0087_0087.jpg 1 60 69 87 87
0129_0120_0070_0060_0060.jpg 1 120 70 60 60
0130_0075_0033_0072_0072.jpg 1 75 33 72 72
0131_0039_0071_0076_0076.jpg 1 39 71 76 76
0132_0092_0090_0066_0066.jpg 1 92 90 66 66
0133_0023_0027_0070_0070.jpg 1 23 27 70 70
0134_0045_0056_0099_0099.jpg 1 45 56 99 99
0135_0051_0053_0136_0136.jpg 1 51 53 136 136
0136_0087_0070_0086_0086.jpg 1 87 70 86 86
0137_0046_0060_0119_0119.jpg 1 46 60 119 119
0138_0031_0031_0136_0136.jpg 1 31 31 136 136
0139_0064_0025_0118_0118.jpg 1 64 25 118 118
0140_0064_0021_0102_0102.jpg 1 64 21 102 102
0141_0083_0032_0095_0095.jpg 1 83 32 95 95
0142_0023_0044_0108_0108.jpg 1 23 44 108 108
0143_0039_0107_0061_0061.jpg 1 39 107 61 61
0144_0042_0073_0066_0066.jpg 1 42 73 66 66
0145_0051_0019_0111_0111.jpg 1 51 19 111 111
0146_0021_0076_0109_0109.jpg 1 21 76 109 109
0147_0033_0055_0127_0127.jpg 1 33 55 127 127
0148_0065_0054_0079_0079.jpg 1 65 54 79 79
0149_0063_0059_0084_0084.jpg 1 63 59 84 84
0150_0044_0063_0112_0112.jpg 1 44 63 112 112
0151_0088_0083_0062_0062.jpg 1 88 83 62 62
0152_0049_0118_0067_0067.jpg 1 49 118 67 67
0153_0044_0045_0139_0139.jpg 1 44 45 139 139
0154_0091_0066_0093_0093.jpg 1 91 66 93 93
0155_0036_0069_0075_0075.jpg 1 36 69 75 75
0156_0078_0069_0058_0058.jpg 1 78 69 58 58
0157_0060_0013_0095_0095.jpg 1 60 13 95 95
0158_0087_0084_0075_0075.jpg 1 87 84 75 75
0159_0086_0059_0090_0090.jpg 1 86 59 90 90
0160_0104_0033_0071_0071.jpg 1 104 33 71 71
0161_0077_0081_0073_0073.jpg 1 77 81 73 73
0162_0029_0018_0054_0054.jpg 1 29 18 54 54
0163_0028_0021_0098_0098.jpg 1 28 21 98 98
0164_0063_0020_0127_0127.jpg 1 63 20 127 127
0165_0058_0018_0132_0132.jpg 1 58 18 132 132
0166_0013_0070_0113_0113.jpg 1 13 70 113 113
0167_0086_0050_0053_0053.jpg 1 86 50 53 53
0168_0016_0027_0102_0102.jpg 1 16 27 102 102
0169_0069_0061_0062_0062.jpg 1 69 61 62 62
0170_0088_0099_0083_0083.jpg 1 88 99 83 83
0171_0055_0018_0101_0101.jpg 1 55 18 101 101
0172_0009_0026_0111_0111.jpg 1 9 26 111 111
0173_0076_0052_0108_0108.jpg 1 76 52 108 108
0174_0016_0073_0076_0076.jpg 1 16 73 76 76
0175_0020_0041_0130_0130.jpg 1 20 41 130 130
0176_0046_0017_0113_0113.jpg 1 46 17 113 113
0177_0021_0073_0102_0102.jpg 1 21 73 102 102
0178_0093_0025_0067_0067.jpg 1 93 25 67 67
0179_0042_0122_0063_0063.jpg 1 42 122 63 63
0180_0015_0018_0098_0098.jpg 1 15 18 98 98
0181_0071_0084_0087_0087.jpg 1 71 84 87 87
0182_0065_0048_0101_0101.jpg 1 65 48 101 101
0183_0057_0047_0104_0104.jpg 1 57 47 104 104
0184_0009_0018_0129_0129.jpg 1 9 18 129 129
0185_0078_0024_0106_0106.jpg 1 78 24 106 106
0186_0060_0106_0062_0062.jpg 1 60 106 62 62
0187_0011_0077_0112_0112.jpg 1 11 77 112 112
0188_0071_0071_0100_0100.jpg 1 71 71 100 100
0189_0117_0102_0054_0054.jpg 1 117 102 54 54
0190_0054_0098_0061_0061.jpg 1 54 98 61 61
0191_0051_0054_0064_0064.jpg 1 51 54 64 64
0192_0015_0053_0108_0108.jpg 1 15 53 108 108
0193_0016_0049_0134_0134.jpg 1 16 49 134 134
0194_0073_0086_0098_0098.jpg 1 73 86 98 98
0195_0031_0065_0114_0114.jpg 1 31 65 114 114
0196_0104_0094_0067_0067.jpg 1 104 94 67 67
0197_0049_0033_0079_0079.jpg 1 49 33 79 79
0198_0112_0077_0068_0068.jpg 1 112 77 68 68
0199_0080_0039_0068_0068.jpg 1 80 39 68 68
0200_0071_0086_0077_0077.jpg 1 71 86 77 77
0201_0050_0034_0114_0114.jpg 1 50 34 114 114
0202_0025_0080_0095_0095.jpg 1 25 80 95 95
0203_0009_0054_0138_0138.jpg 1 9 54 138 138
0204_0064_0031_0106_0106.jpg 1 64 31 106 106
0205_0038_0111_0066_0066.jpg 1 38 111 66 66
0206_0021_0087_0075_0075.jpg 1 21 87 75 75
0207_0043_0039_0097_0097.jpg 1 43 39 97 97
0208_0040_0087_0092_0092.jpg 1 40 87 92 92
0209_0010_0053_0131_0131.jpg 1 10 53 131 131
0210_0026_0051_0121_0121.jpg 1 26 51 121 121
0211_0032_0064_0117_0117.jpg 1 32 64 117 117
0212_0015_0078_0074_0074.jpg 1 15 78 74 74
0213_0036_0022_0099_0099.jpg 1 36 22 99 99
0214_0007_0057_0136_0136.jpg 1 7 57 136 136
0215_0079_0013_0075_0075.jpg 1 79 13 75 75
0216_0095_0104_0050_0050.jpg 1 95 104 50 50
0217_0048_0022_0139_0139.jpg 1 48 22 139 139
0218_0110_0094_0063_0063.jpg 1 110 94 63 63
0219_0041_0024_0052_0052.jpg 1 41 24 52 52
0220_0018_0079_0079_0079.jpg 1 18 79 79 79
0221_0075_0102_0085_0085.jpg 1 75 102 85 85
0222_0043_0037_0092_0092.jpg 1 43 37 92 92
0223_0105_0130_0050_0050.jpg 1 105 130 50 50
0224_0070_0022_0077_0077.jpg 1 70 22 77 77
0225_0018_0023_0092_0092.jpg 1 18 23 92 92
0226_0086_0101_0055_0055.jpg 1 86 101 55 55
0227_0077_0067_0097_0097.jpg 1 77 67 97 97
0228_0041_0046_0127_0127.jpg 1 41 46 127 127
0229_0121_0121_0063_0063.jpg 1 121 121 63 63
0230_0072_0054_0051_0051.jpg 1 72 54 51 51
0231_0061_0066_0122_0122.jpg 1 61 66 122 122
0232_0072_0020_0090_0090.jpg 1 72 20 90 90
0233_0028_0052_0120_0120.jpg 1 28 52 120 120
0234_0013_0078_0095_0095.jpg 1 13 78 95 95
0235_0016_0095_0066_0066.jpg 1 16 95 66 66
0236_0014_0050_0112_0112.jpg 1 14 50 112 112
0237_0054_0069_0111_0111.jpg 1 54 69 111 111
0238_0035_0036_0063_0063.jpg 1 35 36 63 63
0239_0047_0018_0058_0058.jpg 1 47 18 58 58
0240_0061_0074_0117_0117.jpg 1 61 74 117 117
0241_0026_0041_0096_0096.jpg 1 26 41 96 96
0242_0028_0061_0131_0131.jpg 1 28 61 131 131
0243_0048_0039_0136_0136.jpg 1 48 39 136 136
0244_0094_0043_0056_0056.jpg 1 94 43 56 56
0245_0052_0028_0052_0052.jpg 1 52 28 52 52
0246_0034_0030_0139_0139.jpg 1 34 30 139 139
0247_0028_0057_0080_0080.jpg 1 28 57 80 80
0248_0021_0069_0119_0119.jpg 1 21 69 119 119
0249_0054_0029_0114_0114.jpg 1 54 29 114 114
0250_0129_0019_0051_0051.jpg 1 129 19 51 51
0251_0036_0025_0105_0105.jpg 1 36 25 105 105
0252_0034_0101_0086_0086.jpg 1 34 101 86 86
0253_0129_0094_0055_0055.jpg 1 129 94 55 55
0254_0019_0015_0100_0100.jpg 1 19 15 100 100
0255_0052_0021_0082_0082.jpg 1 52 21 82 82
0256_0040_0055_0133_0133.jpg 1 40 55 133 133
0257_0029_0011_0116_0116.jpg 1 29 11 116 116
0258_0081_0078_0093_0093.jpg 1 81 78 93 93
0259_0037_0017_0103_0103.jpg 1 37 17 103 103
0260_0058_0112_0074_0074.jpg 1 58 112 74 74
0261_0041_0016_0062_0062.jpg 1 41 16 62 62
0262_0072_0067_0103_0103.jpg 1 72 67 103 103
0263_0062_0050_0120_0120.jpg 1 62 50 120 120
0264_0072_0034_0073_0073.jpg 1 72 34 73 73
0265_0087_0079_0088_0088.jpg 1 87 79 88 88
0266_0052_0067_0085_0085.jpg 1 52 67 85 85
0267_0058_0011_0114_0114.jpg 1 58 11 114 114
0268_0105_0077_0076_0076.jpg 1 105 77 76 76
0269_0039_0015_0087_0087.jpg 1 39 15 87 87
0270_0061_0060_0118_0118.jpg 1 61 60 118 118
0271_0020_0016_0137_0137.jpg 1 20 16 137 137
0272_0045_0041_0138_0138.jpg 1 45 41 138 138
0273_0036_0025_0137_0137.jpg 1 36 25 137 137
0274_0047_0082_0100_0100.jpg 1 47 82 100 100
0275_0067_0072_0071_0071.jpg 1 67 72 71 71
0276_0050_0102_0075_0075.jpg 1 50 102 75 75
0277_0102_0047_0085_0085.jpg 1 102 47 85 85
0278_0042_0038_0116_0116.jpg 1 42 38 116 116
0279_0016_0076_0108_0108.jpg 1 16 76 108 108
0280_0092_0029_0072_0072.jpg 1 92 29 72 72
0281_0058_0026_0087_0087.jpg 1 58 26 87 87
0282_0033_0107_0073_0073.jpg 1 33 107 73 73
0283_0064_0052_0116_0116.jpg 1 64 52 116 116
0284_0023_0047_0125_0125.jpg 1 23 47 125 125
0285_0090_0081_0074_0074.jpg 1 90 81 74 74
0286_0022_0009_0118_0118.jpg 1 22 9 118 118
0287_0072_0051_0056_0056.jpg 1 72 51 56 56
0288_0100_0023_0082_0082.jpg 1 100 23 82 82
0289_0085_0099_0083_0083.jpg 1 85 99 83 83
0290_0016_0057_0134_0134.jpg 1 16 57 134 134
0291_0033_0021_0066_0066.jpg 1 33 21 66 66
0292_0026_0029_0086_0086.jpg 1 26 29 86 86
0293_0058_0049_0099_0099.jpg 1 58 49 99 99
0294_0116_0021_0056_0056.jpg 1 116 21 56 56
0295_0095_0058_0088_0088.jpg 1 95 58 88 88
0296_0031_0033_0088_0088.jpg 1 31 33 88 88
0297_0016_0074_0101_0101.jpg 1 16 74 101 101
0298_0048_0078_0084_0084.jpg 1 48 78 84 84
0299_0013_0024_0137_0137.jpg 1 13 24 137 137
0300_0107_0030_0076_0076.jpg 1 107 30 76 76
0301_0059_0020_0132_0132.jpg 1 59 20 132 132
0302_0115_0094_0068_0068.jpg 1 115 94 68 68
0303_0053_0080_0108_0108.jpg 1 53 80 108 108
0304_0043_0037_0130_0130.jpg 1 43 37 130 130
0305_0038_0057_0098_0098.jpg 1 38 57 98 98
0306_0036_0020_0064_0064.jpg 1 36 20 64 64
0307_0008_0050_0123_0123.jpg 1 8 50 123 123
0308_0024_0017_0080_0080.jpg 1 24 17 80 80
0309_0081_0099_0063_0063.jpg 1 81 99 63 63
0310_0038_0072_0108_0108.jpg 1 38 72 108 108
0311_0036_0007_0130_0130.jpg 1 36 7 130 130
0312_0058_0043_0089_0089.jpg 1 58 43 89 89
0313_0113_0097_0066_0066.jpg 1 113 97 66 66
0314_0059_0056_0108_0108.jpg 1 59 56 108 108
0315_0119_0094_0056_0056.jpg 1 119 94 56 56
0316_0057_0047_0106_0106.jpg 1 57 47 106 106
0317_0061_0020_0084_0084.jpg 1 61 20 84 84
0318_0030_0055_0091_0091.jpg 1 30 55 91 91
0319_0018_0079_0083_0083.jpg 1 18 79 83 83
0320_0136_0018_0048_0048.jpg 1 136 18 48 48
0321_0093_0025_0083_0083.jpg 1 93 25 83 83
0322_0064_0066_0071_0071.jpg 1 64 66 71 71
0323_0019_0046_0115_0115.jpg 1 19 46 115 115
0324_0051_0085_0105_0105.jpg 1 51 85 105 105
0325_0044_0106_0076_0076.jpg 1 44 106 76 76
0326_0055_0088_0072_0072.jpg 1 55 88 72 72
0327_0086_0034_0090_0090.jpg 1 86 34 90 90
0328_0056_0075_0100_0100.jpg 1 56 75 100 100
0329_0011_0019_0093_0093.jpg 1 11 19 93 93
0330_0029_0050_0077_0077.jpg 1 29 50 77 77
0331_0019_0091_0087_0087.jpg 1 19 91 87 87
0332_0019_0029_0065_0065.jpg 1 19 29 65 65
0333_0052_0068_0073_0073.jpg 1 52 68 73 73
0334_0056_0074_0115_0115.jpg 1 56 74 115 115
0335_0118_0127_0050_0050.jpg 1 118 127 50 50
0336_0130_0089_0049_0049.jpg 1 130 89 49 49
0337_0012_0054_0082_0082.jpg 1 12 54 82 82
0338_0028_0089_0059_0059.jpg 1 28 89 59 59
0339_0084_0099_0049_0049.jpg 1 84 99 49 49
0340_0080_0098_0076_0076.jpg 1 80 98 76 76
0341_0018_0031_0119_0119.jpg 1 18 31 119 119
0342_0022_0029_0109_0109.jpg 1 22 29 109 109
0343_0024_0100_0084_0084.jpg 1 24 100 84 84
0344_0058_0059_0088_0088.jpg 1 58 59 88 88
0345_0128_0103_0049_0049.jpg 1 128 103 49 49
0346_0077_0067_0083_0083.jpg 1 77 67 83 83
0347_0021_0048_0139_0139.jpg 1 21 48 139 139
0348_0014_0022_0099_0099.jpg 1 14 22 99 99
0349_0029_0042_0126_0126.jpg 1 29 42 126 126
0350_0061_0017_0103_0103.jpg 1 61 17 103 103
0351_0099_0088_0054_0054.jpg 1 99 88 54 54
0352_0020_0026_0103_0103.jpg 1 20 26 103 103
0353_0058_0020_0060_0060.jpg 1 58 20 60 60
0354_0028_0040_0066_0066.jpg 1 28 40 66 66
0355_0015_0035_0127_0127.jpg 1 15 35 127 127
0356_0016_0062_0128_0128.jpg 1 16 62 128 128
0357_0014_0023_0078_0078.jpg 1 14 23 78 78
0358_0034_0052_0136_0136.jpg 1 34 52 136 136
0359_0064_0044_0120_0120.jpg 1 64 44 120 120
0360_0018_0075_0107_0107.jpg 1 18 75 107 107
0361_0117_0044_0065_0065.jpg 1 117 44 65 65
0362_0084_0087_0062_0062.jpg 1 84 87 62 62
0363_0038_0020_0123_0123.jpg 1 38 20 123 123
0364_0020_0034_0101_0101.jpg 1 20 34 101 101
0365_0054_0109_0066_0066.jpg 1 54 109 66 66
0366_0059_0075_0083_0083.jpg 1 59 75 83 83
0367_0125_0058_0056_0056.jpg 1 125 58 56 56
0368_0035_0037_0079_0079.jpg 1 35 37 79 79
0369_0046_0066_0082_0082.jpg 1 46 66 82 82
0370_0020_0083_0090_0090.jpg 1 20 83 90 90
0371_0055_0029_0065_0065.jpg 1 55 29 65 65
0372_0056_0031_0116_0116.jpg 1 56 31 116 116
0373_0048_0046_0132_0132.jpg 1 48 46 132 132
0374_0046_0106_0056_0056.jpg 1 46 106 56 56
0375_0014_0093_0095_0095.jpg 1 14 93 95 95
0376_0033_0007_0132_0132.jpg 1 33 7 132 132
0377_0067_0052_0093_0093.jpg 1 67 52 93 93
0378_0023_0084_0089_0089.jpg 1 23 84 89 89
0379_0074_0081_0058_0058.jpg 1 74 81 58 58
0380_0093_0016_0059_0059.jpg 1 93 16 59 59
0381_0020_0093_0073_0073.jpg 1 20 93 73 73
0382_0047_0036_0082_0082.jpg 1 47 36 82 82
0383_0057_0071_0055_0055.jpg 1 57 71 55 55
0384_0067_0023_0105_0105.jpg 1 67 23 105 105
0385_0029_0045_0108_0108.jpg 1 29 45 108 108
0386_0044_0051_0096_0096.jpg 1 44 51 96 96
0387_0025_0020_0113_0113.jpg 1 25 20 113 113
0388_0059_0016_0100_0100.jpg 1 59 16 100 100
0389_0100_0076_0081_0081.jpg 1 100 76 81 81
0390_0028_0028_0102_0102.jpg 1 28 28 102 102
0391_0104_0098_0083_0083.jpg 1 104 98 83 83
0392_0042_0031_0120_0120.jpg 1 42 31 120 120
0393_0024_0061_0100_0100.jpg 1 24 61 100 100
0394_0059_0092_0051_0051.jpg 1 59 92 51 51
0395_0031_0060_0069_0069.jpg 1 31 60 69 69
0396_0049_0039_0090_0090.jpg 1 49 39 90 90
0397_0047_0050_0111_0111.jpg 1 47 50 111 111
0398_0031_0044_0111_0111.jpg 1 31 44 111 111
0399_0031_0016_0087_0087.jpg 1 31 16 87 87
0400_0040_0122_0049_0049.jpg 1 40 122 49 49
0401_0020_0032_0074_0074.jpg 1 20 32 74 74
0402_0031_0036_0136_0136.jpg 1 31 36 136 136
0403_0030_0038_0122_0122.jpg 1 30 38 122 122
0404_0067_0024_0085_0085.jpg 1 67 24 85 85
0405_0101_0095_0058_0058.jpg 1 101 95 58 58
0406_0014_0078_0071_0071.jpg 1 14 78 71 71
0407_0026_0089_0090_0090.jpg 1 26 89 90 90
0408_0028_0038_0076_0076.jpg 1 28 38 76 76
0409_0048_0028_0133_0133.jpg 1 48 28 133 133
0410_0034_0021_0134_0134.jpg 1 34 21 134 134
0411_0124_0094_0049_0049.jpg 1 124 94 49 49
0412_0041_0033_0102_0102.jpg 1 41 33 102 102
0413_0092_0019_0070_0070.jpg 1 92 19 70 70
0414_0022_0054_0139_0139.jpg 1 22 54 139 139
0415_0022_0031_0127_0127.jpg 1 22 31 127 127
0416_0050_0048_0134_0134.jpg 1 50 48 134 134
0417_0030_0015_0084_0084.jpg 1 30 15 84 84
0418_0021_0047_0138_0138.jpg 1 21 47 138 138
0419_0024_0024_0097_0097.jpg 1 24 24 97 97
0420_0124_0017_0053_0053.jpg 1 124 17 53 53
0421_0073_0038_0099_0099.jpg 1 73 38 99 99
0422_0051_0063_0080_0080.jpg 1 51 63 80 80
0423_0046_0022_0119_0119.jpg 1 46 22 119 119
0424_0066_0078_0065_0065.jpg 1 66 78 65 65
0425_0025_0016_0090_0090.jpg 1 25 16 90 90
0426_0051_0031_0073_0073.jpg 1 51 31 73 73
0427_0042_0024_0107_0107.jpg 1 42 24 107 107
0428_0043_0060_0084_0084.jpg 1 43 60 84 84
0429_0092_0016_0078_0078.jpg 1 92 16 78 78
0430_0015_0038_0097_0097.jpg 1 15 38 97 97
0431_0087_0061_0100_0100.jpg 1 87 61 100 100
0432_0094_0054_0056_0056.jpg 1 94 54 56 56
0433_0111_0066_0065_0065.jpg 1 111 66 65 65
0434_0052_0080_0094_0094.jpg 1 52 80 94 94
0435_0049_0029_0091_0091.jpg 1 49 29 91 91
0436_0085_0062_0069_0069.jpg 1 85 62 69 69
0437_0037_0023_0097_0097.jpg 1 37 23 97 97
0438_0033_0054_0095_0095.jpg 1 33 54 95 95
0439_0007_0010_0130_0130.jpg 1 7 10 130 130
0440_0075_0053_0060_0060.jpg 1 75 53 60 60
0441_0045_0057_0117_0117.jpg 1 45 57 117 117
0442_0011_0056_0103_0103.jpg 1 11 56 103 103
0443_0036_0068_0097_0097.jpg 1 36 68 97 97
0444_0015_0027_0113_0113.jpg 1 15 27 113 113
0445_0009_0051_0139_0139.jpg 1 9 51 139 139
0446_0030_0079_0077_0077.jpg 1 30 79 77 77
0447_0085_0093_0085_0085.jpg 1 85 93 85 85
0448_0043_0032_0127_0127.jpg 1 43 32 127 127
0449_0085_0059_0101_0101.jpg 1 85 59 101 101
0450_0064_0057_0078_0078.jpg 1 64 57 78 78
0451_0055_0084_0106_0106.jpg 1 55 84 106 106
0452_0089_0059_0095_0095.jpg 1 89 59 95 95
0453_0107_0105_0061_0061.jpg 1 107 105 61 61
0454_0066_0036_0116_0116.jpg 1 66 36 116 116
0455_0022_0084_0082_0082.jpg 1 22 84 82 82
0456_0047_0031_0133_0133.jpg 1 47 31 133 133
0457_0092_0063_0090_0090.jpg 1 92 63 90 90
0458_0028_0006_0136_0136.jpg 1 28 6 136 136
0459_0014_0055_0060_0060.jpg 1 14 55 60 60
0460_0076_0066_0090_0090.jpg 1 76 66 90 90
0461_0046_0048_0134_0134.jpg 1 46 48 134 134
0462_0012_0023_0124_0124.jpg 1 12 23 124 124
0463_0033_0021_0110_0110.jpg 1 33 21 110 110
0464_0015_0056_0097_0097.jpg 1 15 56 97 97
0465_0069_0074_0076_0076.jpg 1 69 74 76 76
0466_0019_0067_0106_0106.jpg 1 19 67 106 106
0467_0076_0056_0102_0102.jpg 1 76 56 102 102
0468_0041_0047_0105_0105.jpg 1 41 47 105 105
0469_0088_0014_0081_0081.jpg 1 88 14 81 81
0470_0015_0024_0071_0071.jpg 1 15 24 71 71
0471_0034_0013_0131_0131.jpg 1 34 13 131 131
0472_0036_0043_0132_0132.jpg 1 36 43 132 132
0473_0021_0041_0089_0089.jpg 1 21 41 89 89
0474_0045_0039_0127_0127.jpg 1 45 39 127 127
0475_0077_0129_0054_0054.jpg 1 77 129 54 54
0476_0052_0041_0124_0124.jpg 1 52 41 124 124
0477_0030_0084_0084_0084.jpg 1 30 84 84 84
0478_0023_0049_0139_0139.jpg 1 23 49 139 139
0479_0051_0025_0136_0136.jpg 1 51 25 136 136
0480_0070_0069_0092_0092.jpg 1 70 69 92 92
0481_0060_0052_0109_0109.jpg 1 60 52 109 109
0482_0012_0029_0131_0131.jpg 1 12 29 131 131
0483_0093_0040_0090_0090.jpg 1 93 40 90 90
0484_0096_0111_0053_0053.jpg 1 96 111 53 53
0485_0015_0081_0090_0090.jpg 1 15 81 90 90
0486_0062_0012_0126_0126.jpg 1 62 12 126 126
0487_0026_0098_0090_0090.jpg 1 26 98 90 90
0488_0072_0015_0101_0101.jpg 1 72 15 101 101
0489_0038_0074_0107_0107.jpg 1 38 74 107 107
0490_0072_0036_0054_0054.jpg 1 72 36 54 54
0491_0057_0069_0067_0067.jpg 1 57 69 67 67
0492_0076_0033_0102_0102.jpg 1 76 33 102 102
0493_0036_0062_0091_0091.jpg 1 36 62 91 91
0494_0053_0054_0099_0099.jpg 1 53 54 99 99
0495_0029_0075_0086_0086.jpg 1 29 75 86 86
0496_0092_0085_0060_0060.jpg 1 92 85 60 60
0497_0035_0052_0115_0115.jpg 1 35 52 115 115
0498_0048_0082_0108_0108.jpg 1 48 82 108 108
0499_0083_0076_0089_0089.jpg 1 83 76 89 89
0500_0030_0090_0099_0099.jpg 1 30 90 99 99
0501_0056_0066_0111_0111.jpg 1 56 66 111 111
0502_0035_0034_0107_0107.jpg 1 35 34 107 107
0503_0036_0051_0130_0130.jpg 1 36 51 130 130
0504_0059_0033_0111_0111.jpg 1 59 33 111 111
0505_0046_0026_0138_0138.jpg 1 46 26 138 138
0506_0089_0064_0076_0076.jpg 1 89 64 76 76
0507_0012_0051_0138_0138.jpg 1 12 51 138 138
0508_0060_0090_0081_0081.jpg 1 60 90 81 81
0509_0053_0061_0130_0130.jpg 1 53 61 130 130
0510_0038_0046_0113_0113.jpg 1 38 46 113 113
0511_0059_0069_0095_0095.jpg 1 59 69 95 95
0512_0066_0037_0113_0113.jpg 1 66 37 113 113
0513_0061_0060_0097_0097.jpg 1 61 60 97 97
0514_0067_0126_0054_0054.jpg 1 67 126 54 54
0515_0026_0048_0091_0091.jpg 1 26 48 91 91
0516_0073_0016_0085_0085.jpg 1 73 16 85 85
0517_0059_0018_0111_0111.jpg 1 59 18 111 111
0518_0058_0102_0053_0053.jpg 1 58 102 53 53
0519_0075_0088_0052_0052.jpg 1 75 88 52 52
0520_0016_0075_0089_0089.jpg 1 16 75 89 89
0521_0109_0029_0063_0063.jpg 1 109 29 63 63
0522_0078_0012_0091_0091.jpg 1 78 12 91 91
0523_0012_0019_0137_0137.jpg 1 12 19 137 137
0524_0093_0124_0056_0056.jpg 1 93 124 56 56
0525_0056_0015_0112_0112.jpg 1 56 15 112 112
0526_0041_0010_0116_0116.jpg 1 41 10 116 116
0527_0129_0119_0051_0051.jpg 1 129 119 51 51
0528_0070_0108_0064_0064.jpg 1 70 108 64 64
0529_0041_0085_0072_0072.jpg 1 41 85 72 72
0530_0077_0090_0098_0098.jpg 1 77 90 98 98
0531_0053_0086_0074_0074.jpg 1 53 86 74 74
0532_0063_0037_0121_0121.jpg 1 63 37 121 121
0533_0077_0081_0091_0091.jpg 1 77 81 91 91
0534_0038_0098_0050_0050.jpg 1 38 98 50 50
0535_0104_0060_0075_0075.jpg 1 104 60 75 75
0536_0050_0012_0132_0132.jpg 1 50 12 132 132
0537_0060_0040_0048_0048.jpg 1 60 40 48 48
0538_0062_0049_0125_0125.jpg 1 62 49 125 125
0539_0097_0050_0066_0066.jpg 1 97 50 66 66
0540_0023_0020_0138_0138.jpg 1 23 20 138 138
0541_0036_0022_0131_0131.jpg 1 36 22 131 131
0542_0023_0031_0139_0139.jpg 1 23 31 139 139
0543_0084_0044_0093_0093.jpg 1 84 44 93 93
0544_0063_0099_0075_0075.jpg 1 63 99 75 75
0545_0070_0075_0091_0091.jpg 1 70 75 91 91
0546_0073_0023_0090_0090.jpg 1 73 23 90 90
0547_0030_0114_0071_0071.jpg 1 30 114 71 71
0548_0074_0047_0116_0116.jpg 1 74 47 116 116
0549_0018_0107_0074_0074.jpg 1 18 107 74 74
0550_0035_0113_0062_0062.jpg 1 35 113 62 62
0551_0109_0026_0067_0067.jpg 1 109 26 67 67
0552_0043_0037_0124_0124.jpg 1 43 37 124 124
0553_0102_0078_0051_0051.jpg 1 102 78 51 51
0554_0077_0047_0074_0074.jpg 1 77 47 74 74
0555_0049_0021_0113_0113.jpg 1 49 21 113 113
0556_0064_0040_0116_0116.jpg 1 64 40 116 116
0557_0026_0027_0122_0122.jpg 1 26 27 122 122
0558_0015_0098_0071_0071.jpg 1 15 98 71 71
0559_0008_0052_0131_0131.jpg 1 8 52 131 131
0560_0028_0034_0083_0083.jpg 1 28 34 83 83
0561_0034_0034_0136_0136.jpg 1 34 34 136 136
0562_0053_0014_0064_0064.jpg 1 53 14 64 64
0563_0078_0057_0082_0082.jpg 1 78 57 82 82
0564_0032_0053_0084_0084.jpg 1 32 53 84 84
0565_0048_0055_0067_0067.jpg 1 48 55 67 67
0566_0044_0036_0121_0121.jpg 1 44 36 121 121
0567_0055_0056_0135_0135.jpg 1 55 56 135 135
0568_0090_0047_0091_0091.jpg 1 90 47 91 91
0569_0104_0045_0083_0083.jpg 1 104 45 83 83
0570_0080_0056_0089_0089.jpg 1 80 56 89 89
0571_0101_0021_0081_0081.jpg 1 101 21 81 81
0572_0104_0019_0054_0054.jpg 1 104 19 54 54
0573_0070_0013_0061_0061.jpg 1 70 13 61 61
0574_0094_0024_0060_0060.jpg 1 94 24 60 60
0575_0020_0007_0131_0131.jpg 1 20 7 131 131
0576_0059_0032_0105_0105.jpg 1 59 32 105 105
0577_0083_0067_0070_0070.jpg 1 83 67 70 70
0578_0102_0017_0075_0075.jpg 1 102 17 75 75
0579_0067_0025_0053_0053.jpg 1 67 25 53 53
0580_0106_0064_0048_0048.jpg 1 106 64 48 48
0581_0065_0054_0057_0057.jpg 1 65 54 57 57
0582_0036_0028_0118_0118.jpg 1 36 28 118 118
0583_0015_0039_0116_0116.jpg 1 15 39 116 116
0584_0048_0021_0116_0116.jpg 1 48 21 116 116
0585_0034_0013_0102_0102.jpg 1 34 13 102 102
0586_0094_0018_0072_0072.jpg 1 94 18 72 72
0587_0068_0113_0064_0064.jpg 1 68 113 64 64
0588_0065_0094_0067_0067.jpg 1 65 94 67 67
0589_0032_0009_0132_0132.jpg 1 32 9 132 132
0590_0100_0037_0051_0051.jpg 1 100 37 51 51
0591_0122_0089_0055_0055.jpg 1 122 89 55 55
0592_0056_0064_0108_0108.jpg 1 56 64 108 108
0593_0085_0045_0102_0102.jpg 1 85 45 102 102
0594_0049_0052_0138_0138.jpg 1 49 52 138 138
0595_0074_0064_0088_0088.jpg 1 74 64 88 88
0596_0049_0032_0087_0087.jpg 1 49 32 87 87
0597_0074_0030_0049_0049.jpg 1 74 30 49 49
0598_0028_0081_0095_0095.jpg 1 28 81 95 95
0599_0044_0022_0130_0130.jpg 1 44 22 130 130
0600_0106_0102_0067_0067.jpg 1 106 102 67 67
0601_0037_0049_0130_0130.jpg 1 37 49 130 130
0602_0043_0069_0079_0079.jpg 1 43 69 79 79
0603_0073_0031_0111_0111.jpg 1 73 31 111 111
0604_0115_0020_0065_0065.jpg 1 115 20 65 65
0605_0102_0016_0078_0078.jpg 1 102 16 78 78
0606_0027_0030_0138_0138.jpg 1 27 30 138 138
0607_0041_0014_0113_0113.jpg 1 41 14 113 113
0608_0046_0084_0064_0064.jpg 1 46 84 64 64
0609_0035_0044_0085_0085.jpg 1 35 44 85 85
0610_0030_0073_0056_0056.jpg 1 30 73 56 56
0611_0070_0026_0121_0121.jpg 1 70 26 121 121
0612_0080_0080_0068_0068.jpg 1 80 80 68 68
0613_0023_0091_0086_0086.jpg 1 23 91 86 86
0614_0067_0053_0109_0109.jpg 1 67 53 109 109
0615_0014_0109_0064_0064.jpg 1 14 109 64 64
0616_0109_0102_0058_0058.jpg 1 109 102 58 58
0617_0044_0089_0070_0070.jpg 1 44 89 70 70
0618_0053_0024_0125_0125.jpg 1 53 24 125 125
0619_0121_0034_0061_0061.jpg 1 121 34 61 61
0620_0052_0010_0104_0104.jpg 1 52 10 104 104
0621_0068_0061_0110_0110.jpg 1 68 61 110 110
0622_0020_0054_0135_0135.jpg 1 20 54 135 135
0623_0081_0113_0073_0073.jpg 1 81 113 73 73
0624_0009_0051_0117_0117.jpg 1 9 51 117 117
0625_0028_0055_0138_0138.jpg 1 28 55 138 138
0626_0032_0053_0090_0090.jpg 1 32 53 90 90
0627_0045_0054_0058_0058.jpg 1 45 54 58 58
0628_0017_0078_0081_0081.jpg 1 17 78 81 81
0629_0008_0011_0135_0135.jpg 1 8 11 135 135
0630_0077_0074_0106_0106.jpg 1 77 74 106 106
0631_0014_0063_0114_0114.jpg 1 14 63 114 114
0632_0068_0018_0100_0100.jpg 1 68 18 100 100
0633_0030_0029_0123_0123.jpg 1 30 29 123 123
0634_0072_0015_0086_0086.jpg 1 72 15 86 86
0635_0058_0011_0134_0134.jpg 1 58 11 134 134
0636_0010_0070_0121_0121.jpg 1 10 70 121 121
0637_0065_0055_0052_0052.jpg 1 65 55 52 52
0638_0050_0020_0111_0111.jpg 1 50 20 111 111
0639_0008_0054_0134_0134.jpg 1 8 54 134 134
0640_0028_0057_0127_0127.jpg 1 28 57 127 127
0641_0061_0015_0128_0128.jpg 1 61 15 128 128
0642_0062_0032_0128_0128.jpg 1 62 32 128 128
0643_0021_0038_0103_0103.jpg 1 21 38 103 103
0644_0008_0050_0139_0139.jpg 1 8 50 139 139
0645_0057_0049_0133_0133.jpg 1 57 49 133 133
0646_0081_0059_0061_0061.jpg 1 81 59 61 61
0647_0100_0045_0088_0088.jpg 1 100 45 88 88
0648_0017_0030_0082_0082.jpg 1 17 30 82 82
0649_0107_0066_0073_0073.jpg 1 107 66 73 73
0650_0070_0013_0111_0111.jpg 1 70 13 111 111
0651_0051_0051_0112_0112.jpg 1 51 51 112 112
0652_0020_0076_0106_0106.jpg 1 20 76 106 106
0653_0056_0053_0095_0095.jpg 1 56 53 95 95
0654_0029_0042_0116_0116.jpg 1 29 42 116 116
0655_0075_0025_0114_0114.jpg 1 75 25 114 114
0656_0045_0074_0107_0107.jpg 1 45 74 107 107
0657_0110_0112_0063_0063.jpg 1 110 112 63 63
0658_0050_0028_0076_0076.jpg 1 50 28 76 76
0659_0071_0105_0079_0079.jpg 1 71 105 79 79
0660_0118_0041_0062_0062.jpg 1 118 41 62 62
0661_0105_0125_0050_0050.jpg 1 105 125 50 50
0662_0042_0041_0053_0053.jpg 1 42 41 53 53
0663_0078_0051_0093_0093.jpg 1 78 51 93 93
0664_0065_0072_0115_0115.jpg 1 65 72 115 115
0665_0118_0117_0068_0068.jpg 1 118 117 68 68
0666_0087_0070_0082_0082.jpg 1 87 70 82 82
0667_0015_0040_0108_0108.jpg 1 15 40 108 108
0668_0091_0068_0058_0058.jpg 1 91 68 58 58
0669_0026_0024_0113_0113.jpg 1 26 24 113 113
0670_0098_0078_0081_0081.jpg 1 98 78 81 81
0671_0031_0094_0063_0063.jpg 1 31 94 63 63
0672_0094_0117_0065_0065.jpg 1 94 117 65 65
0673_0018_0015_0129_0129.jpg 1 18 15 129 129
0674_0085_0107_0065_0065.jpg 1 85 107 65 65
0675_0019_0066_0099_0099.jpg 1 19 66 99 99
0676_0038_0059_0132_0132.jpg 1 38 59 132 132
0677_0066_0047_0087_0087.jpg 1 66 47 87 87
0678_0069_0056_0119_0119.jpg 1 69 56 119 119
0679_0025_0027_0071_0071.jpg 1 25 27 71 71
0680_0044_0048_0052_0052.jpg 1 44 48 52 52
0681_0017_0012_0117_0117.jpg 1 17 12 117 117
0682_0072_0033_0111_0111.jpg 1 72 33 111 111
0683_0036_0074_0070_0070.jpg 1 36 74 70 70
0684_0012_0071_0112_0112.jpg 1 12 71 112 112
0685_0037_0042_0053_0053.jpg 1 37 42 53 53
0686_0096_0059_0084_0084.jpg 1 96 59 84 84
0687_0099_0022_0080_0080.jpg 1 99 22 80 80
0688_0031_0026_0136_0136.jpg 1 31 26 136 136
0689_0015_0035_0124_0124.jpg 1 15 35 124 124
0690_0009_0050_0130_0130.jpg 1 9 50 130 130
0691_0072_0038_0119_0119.jpg 1 72 38 119 119
0692_0043_0066_0066_0066.jpg 1 43 66 66 66
0693_0060_0072_0073_0073.jpg 1 60 72 73 73
0694_0086_0034_0091_0091.jpg 1 86 34 91 91
0695_0100_0040_0056_0056.jpg 1 100 40 56 56
0696_0093_0012_0082_0082.jpg 1 93 12 82 82
0697_0111_0086_0074_0074.jpg 1 111 86 74 74
0698_0048_0109_0066_0066.jpg 1 48 109 66 66
0699_0046_0042_0123_0123.jpg 1 46 42 123 123
0700_0049_0023_0081_0081.jpg 1 49 23 81 81
0701_0039_0008_0125_0125.jpg 1 39 8 125 125
0702_0052_0078_0067_0067.jpg 1 52 78 67 67
0703_0022_0037_0115_0115.jpg 1 22 37 115 115
0704_0027_0044_0108_0108.jpg 1 27 44 108 108
0705_0008_0021_0138_0138.jpg 1 8 21 138 138
0706_0099_0096_0057_0057.jpg 1 99 96 57 57
0707_0041_0079_0083_0083.jpg 1 41 79 83 83
0708_0058_0020_0072_0072.jpg 1 58 20 72 72
0709_0061_0030_0128_0128.jpg 1 61 30 128 128
0710_0031_0032_0125_0125.jpg 1 31 32 125 125
0711_0083_0049_0103_0103.jpg 1 83 49 103 103
0712_0030_0053_0121_0121.jpg 1 30 53 121 121
0713_0013_0024_0101_0101.jpg 1 13 24 101 101
0714_0053_0068_0098_0098.jpg 1 53 68 98 98
0715_0051_0059_0084_0084.jpg 1 51 59 84 84
0716_0059_0024_0071_0071.jpg 1 59 24 71 71
0717_0045_0068_0107_0107.jpg 1 45 68 107 107
0718_0050_0046_0130_0130.jpg 1 50 46 130 130
0719_0089_0047_0056_0056.jpg 1 89 47 56 56
0720_0053_0044_0111_0111.jpg 1 53 44 111 111
0721_0049_0067_0120_0120.jpg 1 49 67 120 120
0722_0092_0082_0085_0085.jpg 1 92 82 85 85
0723_0043_0067_0115_0115.jpg 1 43 67 115 115
0724_0020_0016_0087_0087.jpg 1 20 16 87 87
0725_0047_0033_0102_0102.jpg 1 47 33 102 102
0726_0073_0085_0063_0063.jpg 1 73 85 63 63
0727_0059_0076_0098_0098.jpg 1 59 76 98 98
0728_0016_0025_0089_0089.jpg 1 16 25 89 89
0729_0019_0050_0124_0124.jpg 1 19 50 124 124
0730_0025_0038_0098_0098.jpg 1 25 38 98 98
0731_0042_0075_0066_0066.jpg 1 42 75 66 66
0732_0135_0019_0049_0049.jpg 1 135 19 49 49
0733_0041_0026_0120_0120.jpg 1 41 26 120 120
0734_0044_0042_0138_0138.jpg 1 44 42 138 138
0735_0075_0016_0051_0051.jpg 1 75 16 51 51
0736_0054_0012_0099_0099.jpg 1 54 12 99 99
0737_0106_0077_0072_0072.jpg 1 106 77 72 72
0738_0020_0031_0096_0096.jpg 1 20 31 96 96
0739_0010_0024_0109_0109.jpg 1 10 24 109 109
0740_0019_0020_0124_0124.jpg 1 19 20 124 124
0741_0037_0086_0078_0078.jpg 1 37 86 78 78
0742_0021_0045_0111_0111.jpg 1 21 45 111 111
0743_0019_0040_0060_0060.jpg 1 19 40 60 60
0744_0034_0118_0062_0062.jpg 1 34 118 62 62
0745_0073_0091_0087_0087.jpg 1 73 91 87 87
0746_0053_0054_0126_0126.jpg 1 53 54 126 126
0747_0075_0029_0104_0104.jpg 1 75 29 104 104
0748_0033_0010_0121_0121.jpg 1 33 10 121 121
0749_0097_0049_0084_0084.jpg 1 97 49 84 84
0750_0095_0103_0073_0073.jpg 1 95 103 73 73
0751_0061_0107_0068_0068.jpg 1 61 107 68 68
0752_0047_0077_0095_0095.jpg 1 47 77 95 95
0753_0070_0043_0112_0112.jpg 1 70 43 112 112
0754_0062_0047_0108_0108.jpg 1 62 47 108 108
0755_0051_0035_0115_0115.jpg 1 51 35 115 115
0756_0026_0008_0130_0130.jpg 1 26 8 130 130
0757_0127_0061_0054_0054.jpg 1 127 61 54 54
0758_0058_0016_0133_0133.jpg 1 58 16 133 133
0759_0066_0083_0093_0093.jpg 1 66 83 93 93
0760_0084_0084_0067_0067.jpg 1 84 84 67 67
0761_0060_0077_0112_0112.jpg 1 60 77 112 112
0762_0015_0019_0102_0102.jpg 1 15 19 102 102
0763_0042_0054_0097_0097.jpg 1 42 54 97 97
0764_0073_0069_0104_0104.jpg 1 73 69 104 104
0765_0084_0050_0076_0076.jpg 1 84 50 76 76
0766_0051_0017_0078_0078.jpg 1 51 17 78 78
0767_0032_0058_0104_0104.jpg 1 32 58 104 104
0768_0024_0049_0110_0110.jpg 1 24 49 110 110
0769_0033_0087_0090_0090.jpg 1 33 87 90 90
0770_0078_0011_0086_0086.jpg 1 78 11 86 86
0771_0082_0068_0072_0072.jpg 1 82 68 72 72
0772_0031_0008_0134_0134.jpg 1 31 8 134 134
0773_0026_0072_0118_0118.jpg 1 26 72 118 118
0774_0105_0103_0056_0056.jpg 1 105 103 56 56
0775_0099_0118_0058_0058.jpg 1 99 118 58 58
0776_0029_0025_0117_0117.jpg 1 29 25 117 117
0777_0099_0061_0057_0057.jpg 1 99 61 57 57
0778_0056_0016_0080_0080.jpg 1 56 16 80 80
0779_0078_0111_0054_0054.jpg 1 78 111 54 54
0780_0040_0013_0130_0130.jpg 1 40 13 130 130
0781_0076_0073_0097_0097.jpg 1 76 73 97 97
0782_0040_0037_0099_0099.jpg 1 40 37 99 99
0783_0035_0015_0071_0071.jpg 1 35 15 71 71
0784_0060_0042_0076_0076.jpg 1 60 42 76 76
0785_0060_0051_0128_0128.jpg 1 60 51 128 128
0786_0073_0034_0117_0117.jpg 1 73 34 117 117
0787_0049_0054_0136_0136.jpg 1 49 54 136 136
0788_0072_0046_0102_0102.jpg 1 72 46 102 102
0789_0033_0034_0127_0127.jpg 1 33 34 127 127
0790_0045_0047_0137_0137.jpg 1 45 47 137 137
0791_0047_0037_0132_0132.jpg 1 47 37 132 132
0792_0032_0042_0111_0111.jpg 1 32 42 111 111
0793_0044_0076_0094_0094.jpg 1 44 76 94 94
0794_0048_0050_0084_0084.jpg 1 48 50 84 84
0795_0029_0029_0058_0058.jpg 1 29 29 58 58
0796_0050_0050_0135_0135.jpg 1 50 50 135 135
0797_0104_0046_0079_0079.jpg 1 104 46 79 79
0798_0055_0066_0114_0114.jpg 1 55 66 114 114
0799_0126_0027_0053_0053.jpg 1 126 27 53 53
0800_0035_0030_0136_0136.jpg 1 35 30 136 136
