0001_0017_0014_0138_0138.jpg 1 17 14 138 138
0002_0037_0036_0137_0137.jpg 1 37 36 137 137
0003_0072_0032_0088_0088.jpg 1 72 32 88 88
0004_0046_0092_0096_0096.jpg 1 46 92 96 96
0005_0033_0106_0051_0051.jpg 1 33 106 51 51
0006_0038_0097_0072_0072.jpg 1 38 97 72 72
0007_0039_0026_0137_0137.jpg 1 39 26 137 137
0008_0022_0016_0139_0139.jpg 1 22 16 139 139
0009_0029_0105_0063_0063.jpg 1 29 105 63 63
0010_0042_0120_0048_0048.jpg 1 42 120 48 48
0011_0081_0100_0077_0077.jpg 1 81 100 77 77
0012_0060_0036_0068_0068.jpg 1 60 36 68 68
0013_0068_0020_0120_0120.jpg 1 68 20 120 120
0014_0023_0055_0109_0109.jpg 1 23 55 109 109
0015_0027_0017_0087_0087.jpg 1 27 17 87 87
0016_0049_0091_0091_0091.jpg 1 49 91 91 91
0017_0104_0078_0073_0073.jpg 1 104 78 73 73
0018_0082_0070_0061_0061.jpg 1 82 70 61 61
0019_0013_0021_0132_0132.jpg 1 13 21 132 132
0020_0013_0053_0122_0122.jpg 1 13 53 122 122
0021_0049_0080_0106_0106.jpg 1 49 80 106 106
0022_0026_0111_0055_0055.jpg 1 26 111 55 55
0023_0019_0015_0048_0048.jpg 1 19 15 48 48
0024_0095_0126_0059_0059.jpg 1 95 126 59 59
0025_0023_0015_0128_0128.jpg 1 23 15 128 128
0026_0055_0021_0070_0070.jpg 1 55 21 70 70
0027_0092_0095_0076_0076.jpg 1 92 95 76 76
0028_0056_0065_0115_0115.jpg 1 56 65 115 115
0029_0092_0083_0090_0090.jpg 1 92 83 90 90
0030_0050_0046_0092_0092.jpg 1 50 46 92 92
0031_0088_0016_0076_0076.jpg 1 88 16 76 76
0032_0082_0108_0076_0076.jpg 1 82 108 76 76
0033_0131_0061_0048_0048.jpg 1 131 61 48 48
0034_0063_0017_0127_0127.jpg 1 63 17 127 127
0035_0073_0096_0091_0091.jpg 1 73 96 91 91
0036_0023_0027_0122_0122.jpg 1 23 27 122 122
0037_0038_0070_0104_0104.jpg 1 38 70 104 104
0038_0044_0037_0126_0126.jpg 1 44 37 126 126
0039_0022_0025_0121_0121.jpg 1 22 25 121 121
0040_0028_0067_0110_0110.jpg 1 28 67 110 110
0041_0056_0028_0110_0110.jpg 1 56 28 110 110
0042_0045_0062_0093_0093.jpg 1 45 62 93 93
0043_0055_0110_0069_0069.jpg 1 55 110 69 69
0044_0088_0089_0086_0086.jpg 1 88 89 86 86
0045_0008_0014_0132_0132.jpg 1 8 14 132 132
0046_0041_0061_0103_0103.jpg 1 41 61 103 103
0047_0054_0021_0129_0129.jpg 1 54 21 129 129
0048_0083_0059_0091_0091.jpg 1 83 59 91 91
0049_0066_0041_0052_0052.jpg 1 66 41 52 52
0050_0034_0039_0133_0133.jpg 1 34 39 133 133
0051_0039_0040_0098_0098.jpg 1 39 40 98 98
0052_0017_0098_0075_0075.jpg 1 17 98 75 75
0053_0077_0061_0111_0111.jpg 1 77 61 111 111
0054_0129_0082_0052_0052.jpg 1 129 82 52 52
0055_0026_0063_0126_0126.jpg 1 26 63 126 126
0056_0043_0077_0058_0058.jpg 1 43 77 58 58
0057_0052_0021_0093_0093.jpg 1 52 21 93 93
0058_0108_0111_0067_0067.jpg 1 108 111 67 67
0059_0061_0073_0098_0098.jpg 1 61 73 98 98
0060_0046_0067_0120_0120.jpg 1 46 67 120 120
0061_0050_0036_0114_0114.jpg 1 50 36 114 114
0062_0012_0053_0102_0102.jpg 1 12 53 102 102
0063_0052_0067_0069_0069.jpg 1 52 67 69 69
0064_0012_0011_0087_0087.jpg 1 12 11 87 87
0065_0018_0078_0052_0052.jpg 1 18 78 52 52
0066_0065_0042_0107_0107.jpg 1 65 42 107 107
0067_0025_0084_0091_0091.jpg 1 25 84 91 91
0068_0028_0010_0099_0099.jpg 1 28 10 99 99
0069_0012_0067_0124_0124.jpg 1 12 67 124 124
0070_0023_0055_0109_0109.jpg 1 23 55 109 109
0071_0038_0042_0116_0116.jpg 1 38 42 116 116
0072_0066_0085_0096_0096.jpg 1 66 85 96 96
0073_0026_0033_0134_0134.jpg 1 26 33 134 134
0074_0037_0014_0105_0105.jpg 1 37 14 105 105
0075_0057_0087_0088_0088.jpg 1 57 87 88 88
0076_0084_0110_0051_0051.jpg 1 84 110 51 51
0077_0015_0058_0116_0116.jpg 1 15 58 116 116
0078_0025_0038_0119_0119.jpg 1 25 38 119 119
0079_0045_0041_0112_0112.jpg 1 45 41 112 112
0080_0061_0057_0117_0117.jpg 1 61 57 117 117
0081_0028_0050_0101_0101.jpg 1 28 50 101 101
0082_0093_0023_0082_0082.jpg 1 93 23 82 82
0083_0087_0028_0073_0073.jpg 1 87 28 73 73
0084_0066_0016_0124_0124.jpg 1 66 16 124 124
0085_0041_0010_0096_0096.jpg 1 41 10 96 96
0086_0064_0075_0056_0056.jpg 1 64 75 56 56
0087_0028_0051_0113_0113.jpg 1 28 51 113 113
0088_0081_0010_0101_0101.jpg 1 81 10 101 101
0089_0014_0047_0114_0114.jpg 1 14 47 114 114
0090_0011_0036_0101_0101.jpg 1 11 36 101 101
0091_0017_0052_0110_0110.jpg 1 17 52 110 110
0092_0027_0039_0137_0137.jpg 1 27 39 137 137
0093_0094_0041_0063_0063.jpg 1 94 41 63 63
0094_0041_0014_0126_0126.jpg 1 41 14 126 126
0095_0072_0086_0080_0080.jpg 1 72 86 80 80
0096_0025_0045_0124_0124.jpg 1 25 45 124 124
0097_0097_0054_0081_0081.jpg 1 97 54 81 81
0098_0095_0081_0071_0071.jpg 1 95 81 71 71
0099_0025_0015_0119_0119.jpg 1 25 15 119 119
0100_0065_0029_0123_0123.jpg 1 65 29 123 123
0101_0061_0059_0114_0114.jpg 1 61 59 114 114
0102_0113_0048_0049_0049.jpg 1 113 48 49 49
0103_0042_0013_0063_0063.jpg 1 42 13 63 63
0104_0072_0056_0070_0070.jpg 1 72 56 70 70
0105_0080_0046_0110_0110.jpg 1 80 46 110 110
0106_0039_0055_0138_0138.jpg 1 39 55 138 138
0107_0011_0037_0106_0106.jpg 1 11 37 106 106
0108_0044_0056_0118_0118.jpg 1 44 56 118 118
0109_0058_0067_0060_0060.jpg 1 58 67 60 60
0110_0088_0026_0097_0097.jpg 1 88 26 97 97
0111_0054_0052_0137_0137.jpg 1 54 52 137 137
0112_0020_0012_0123_0123.jpg 1 20 12 123 123
0113_0113_0065_0072_0072.jpg 1 113 65 72 72
0114_0043_0050_0136_0136.jpg 1 43 50 136 136
0115_0063_0044_0089_0089.jpg 1 63 44 89 89
0116_0036_0076_0088_0088.jpg 1 36 76 88 88
0117_0065_0065_0088_0088.jpg 1 65 65 88 88
0118_0043_0046_0090_0090.jpg 1 43 46 90 90
0119_0055_0028_0077_0077.jpg 1 55 28 77 77
0120_0036_0026_0063_0063.jpg 1 36 26 63 63
0121_0101_0110_0074_0074.jpg 1 101 110 74 74
0122_0039_0071_0086_0086.jpg 1 39 71 86 86
0123_0088_0060_0098_0098.jpg 1 88 60 98 98
0124_0042_0021_0129_0129.jpg 1 42 21 129 129
0125_0042_0068_0081_0081.jpg 1 42 68 81 81
0126_0066_0062_0092_0092.jpg 1 66 62 92 92
0127_0071_0037_0105_0105.jpg 1 71 37 105 105
0128_0024_0010_0121_0121.jpg 1 24 10 121 121
0129_0076_0047_0110_0110.jpg 1 76 47 110 110
0130_0100_0062_0085_0085.jpg 1 100 62 85 85
0131_0077_0028_0059_0059.jpg 1 77 28 59 59
0132_0089_0038_0097_0097.jpg 1 89 38 97 97
0133_0051_0022_0139_0139.jpg 1 51 22 139 139
0134_0071_0089_0095_0095.jpg 1 71 89 95 95
0135_0028_0094_0075_0075.jpg 1 28 94 75 75
0136_0043_0067_0116_0116.jpg 1 43 67 116 116
0137_0037_0019_0135_0135.jpg 1 37 19 135 135
0138_0046_0026_0099_0099.jpg 1 46 26 99 99
0139_0042_0088_0100_0100.jpg 1 42 88 100 100
0140_0033_0076_0108_0108.jpg 1 33 76 108 108
0141_0017_0084_0094_0094.jpg 1 17 84 94 94
0142_0054_0095_0074_0074.jpg 1 54 95 74 74
0143_0097_0116_0048_0048.jpg 1 97 116 48 48
0144_0108_0100_0050_0050.jpg 1 108 100 50 50
0145_0083_0020_0086_0086.jpg 1 83 20 86 86
0146_0042_0022_0100_0100.jpg 1 42 22 100 100
0147_0019_0026_0111_0111.jpg 1 19 26 111 111
0148_0032_0019_0105_0105.jpg 1 32 19 105 105
0149_0075_0076_0076_0076.jpg 1 75 76 76 76
0150_0050_0074_0062_0062.jpg 1 50 74 62 62
0151_0108_0081_0057_0057.jpg 1 108 81 57 57
0152_0042_0090_0073_0073.jpg 1 42 90 73 73
0153_0020_0019_0111_0111.jpg 1 20 19 111 111
0154_0061_0061_0130_0130.jpg 1 61 61 130 130
0155_0108_0084_0054_0054.jpg 1 108 84 54 54
0156_0089_0029_0079_0079.jpg 1 89 29 79 79
0157_0059_0078_0088_0088.jpg 1 59 78 88 88
0158_0042_0083_0056_0056.jpg 1 42 83 56 56
0159_0010_0037_0124_0124.jpg 1 10 37 124 124
0160_0131_0093_0053_0053.jpg 1 131 93 53 53
0161_0011_0040_0108_0108.jpg 1 11 40 108 108
0162_0011_0054_0137_0137.jpg 1 11 54 137 137
0163_0040_0060_0089_0089.jpg 1 40 60 89 89
0164_0059_0030_0132_0132.jpg 1 59 30 132 132
0165_0047_0090_0099_0099.jpg 1 47 90 99 99
0166_0016_0059_0068_0068.jpg 1 16 59 68 68
0167_0089_0028_0084_0084.jpg 1 89 28 84 84
0168_0015_0048_0138_0138.jpg 1 15 48 138 138
0169_0054_0044_0135_0135.jpg 1 54 44 135 135
0170_0028_0076_0061_0061.jpg 1 28 76 61 61
0171_0050_0050_0071_0071.jpg 1 50 50 71 71
0172_0038_0027_0127_0127.jpg 1 38 27 127 127
0173_0117_0100_0059_0059.jpg 1 117 100 59 59
0174_0026_0078_0113_0113.jpg 1 26 78 113 113
0175_0029_0103_0079_0079.jpg 1 29 103 79 79
0176_0068_0012_0113_0113.jpg 1 68 12 113 113
0177_0032_0075_0113_0113.jpg 1 32 75 113 113
0178_0034_0046_0093_0093.jpg 1 34 46 93 93
0179_0049_0061_0057_0057.jpg 1 49 61 57 57
0180_0028_0038_0070_0070.jpg 1 28 38 70 70
0181_0065_0034_0116_0116.jpg 1 65 34 116 116
0182_0009_0054_0129_0129.jpg 1 9 54 129 129
0183_0023_0108_0078_0078.jpg 1 23 108 78 78
0184_0032_0067_0115_0115.jpg 1 32 67 115 115
0185_0092_0104_0060_0060.jpg 1 92 104 60 60
0186_0016_0069_0122_0122.jpg 1 16 69 122 122
0187_0016_0022_0128_0128.jpg 1 16 22 128 128
0188_0010_0025_0111_0111.jpg 1 10 25 111 111
0189_0017_0062_0078_0078.jpg 1 17 62 78 78
0190_0098_0058_0072_0072.jpg 1 98 58 72 72
0191_0020_0057_0107_0107.jpg 1 20 57 107 107
0192_0020_0010_0128_0128.jpg 1 20 10 128 128
0193_0087_0064_0102_0102.jpg 1 87 64 102 102
0194_0013_0065_0115_0115.jpg 1 13 65 115 115
0195_0044_0032_0138_0138.jpg 1 44 32 138 138
0196_0039_0026_0114_0114.jpg 1 39 26 114 114
0197_0021_0062_0120_0120.jpg 1 21 62 120 120
0198_0030_0032_0131_0131.jpg 1 30 32 131 131
0199_0093_0094_0053_0053.jpg 1 93 94 53 53
0200_0036_0040_0134_0134.jpg 1 36 40 134 134
0201_0024_0020_0138_0138.jpg 1 24 20 138 138
0202_0049_0049_0138_0138.jpg 1 49 49 138 138
0203_0088_0050_0074_0074.jpg 1 88 50 74 74
0204_0067_0058_0087_0087.jpg 1 67 58 87 87
0205_0018_0065_0123_0123.jpg 1 18 65 123 123
0206_0013_0021_0107_0107.jpg 1 13 21 107 107
0207_0110_0066_0056_0056.jpg 1 110 66 56 56
0208_0050_0022_0093_0093.jpg 1 50 22 93 93
0209_0019_0069_0122_0122.jpg 1 19 69 122 122
0210_0067_0090_0061_0061.jpg 1 67 90 61 61
0211_0010_0034_0137_0137.jpg 1 10 34 137 137
0212_0072_0097_0073_0073.jpg 1 72 97 73 73
0213_0038_0029_0115_0115.jpg 1 38 29 115 115
0214_0092_0025_0054_0054.jpg 1 92 25 54 54
0215_0103_0115_0066_0066.jpg 1 103 115 66 66
0216_0074_0025_0088_0088.jpg 1 74 25 88 88
0217_0035_0037_0100_0100.jpg 1 35 37 100 100
0218_0039_0028_0123_0123.jpg 1 39 28 123 123
0219_0022_0055_0097_0097.jpg 1 22 55 97 97
0220_0014_0053_0133_0133.jpg 1 14 53 133 133
0221_0107_0019_0066_0066.jpg 1 107 19 66 66
0222_0008_0038_0137_0137.jpg 1 8 38 137 137
0223_0076_0069_0087_0087.jpg 1 76 69 87 87
0224_0048_0048_0135_0135.jpg 1 48 48 135 135
0225_0064_0066_0074_0074.jpg 1 64 66 74 74
0226_0049_0070_0051_0051.jpg 1 49 70 51 51
0227_0035_0059_0106_0106.jpg 1 35 59 106 106
0228_0108_0073_0075_0075.jpg 1 108 73 75 75
0229_0015_0034_0117_0117.jpg 1 15 34 117 117
0230_0062_0011_0119_0119.jpg 1 62 11 119 119
0231_0097_0042_0065_0065.jpg 1 97 42 65 65
0232_0012_0047_0084_0084.jpg 1 12 47 84 84
0233_0045_0022_0139_0139.jpg 1 45 22 139 139
0234_0007_0033_0136_0136.jpg 1 7 33 136 136
0235_0040_0083_0093_0093.jpg 1 40 83 93 93
0236_0041_0033_0127_0127.jpg 1 41 33 127 127
0237_0069_0015_0088_0088.jpg 1 69 15 88 88
0238_0068_0033_0109_0109.jpg 1 68 33 109 109
0239_0058_0043_0108_0108.jpg 1 58 43 108 108
0240_0063_0047_0058_0058.jpg 1 63 47 58 58
0241_0018_0093_0048_0048.jpg 1 18 93 48 48
0242_0063_0023_0107_0107.jpg 1 63 23 107 107
0243_0070_0020_0086_0086.jpg 1 70 20 86 86
0244_0044_0054_0073_0073.jpg 1 44 54 73 73
0245_0095_0038_0091_0091.jpg 1 95 38 91 91
0246_0035_0015_0063_0063.jpg 1 35 15 63 63
0247_0082_0071_0087_0087.jpg 1 82 71 87 87
0248_0058_0040_0063_0063.jpg 1 58 40 63 63
0249_0081_0028_0107_0107.jpg 1 81 28 107 107
0250_0066_0057_0089_0089.jpg 1 66 57 89 89
0251_0039_0043_0077_0077.jpg 1 39 43 77 77
0252_0027_0034_0127_0127.jpg 1 27 34 127 127
0253_0058_0029_0130_0130.jpg 1 58 29 130 130
0254_0057_0042_0132_0132.jpg 1 57 42 132 132
0255_0045_0054_0112_0112.jpg 1 45 54 112 112
0256_0130_0065_0049_0049.jpg 1 130 65 49 49
0257_0046_0039_0098_0098.jpg 1 46 39 98 98
0258_0069_0066_0084_0084.jpg 1 69 66 84 84
0259_0081_0045_0069_0069.jpg 1 81 45 69 69
0260_0021_0069_0063_0063.jpg 1 21 69 63 63
0261_0047_0029_0103_0103.jpg 1 47 29 103 103
0262_0023_0033_0126_0126.jpg 1 23 33 126 126
0263_0015_0076_0101_0101.jpg 1 15 76 101 101
0264_0058_0033_0060_0060.jpg 1 58 33 60 60
0265_0084_0037_0083_0083.jpg 1 84 37 83 83
0266_0067_0017_0110_0110.jpg 1 67 17 110 110
0267_0080_0078_0086_0086.jpg 1 80 78 86 86
0268_0100_0106_0060_0060.jpg 1 100 106 60 60
0269_0020_0028_0130_0130.jpg 1 20 28 130 130
0270_0012_0044_0114_0114.jpg 1 12 44 114 114
0271_0059_0109_0048_0048.jpg 1 59 109 48 48
0272_0022_0032_0132_0132.jpg 1 22 32 132 132
0273_0068_0099_0050_0050.jpg 1 68 99 50 50
0274_0041_0015_0123_0123.jpg 1 41 15 123 123
0275_0016_0038_0097_0097.jpg 1 16 38 97 97
0276_0071_0009_0111_0111.jpg 1 71 9 111 111
0277_0032_0016_0129_0129.jpg 1 32 16 129 129
0278_0091_0062_0083_0083.jpg 1 91 62 83 83
0279_0064_0057_0066_0066.jpg 1 64 57 66 66
0280_0092_0055_0089_0089.jpg 1 92 55 89 89
0281_0042_0061_0110_0110.jpg 1 42 61 110 110
0282_0072_0103_0085_0085.jpg 1 72 103 85 85
0283_0094_0035_0066_0066.jpg 1 94 35 66 66
0284_0085_0034_0061_0061.jpg 1 85 34 61 61
0285_0049_0076_0082_0082.jpg 1 49 76 82 82
0286_0024_0018_0118_0118.jpg 1 24 18 118 118
0287_0018_0086_0098_0098.jpg 1 18 86 98 98
0288_0066_0059_0123_0123.jpg 1 66 59 123 123
0289_0024_0059_0124_0124.jpg 1 24 59 124 124
0290_0053_0033_0138_0138.jpg 1 53 33 138 138
0291_0010_0029_0121_0121.jpg 1 10 29 121 121
0292_0060_0059_0131_0131.jpg 1 60 59 131 131
0293_0066_0039_0085_0085.jpg 1 66 39 85 85
0294_0048_0074_0052_0052.jpg 1 48 74 52 52
0295_0040_0016_0073_0073.jpg 1 40 16 73 73
0296_0022_0038_0052_0052.jpg 1 22 38 52 52
0297_0038_0105_0082_0082.jpg 1 38 105 82 82
0298_0027_0056_0120_0120.jpg 1 27 56 120 120
0299_0095_0063_0053_0053.jpg 1 95 63 53 53
0300_0020_0040_0120_0120.jpg 1 20 40 120 120
0301_0060_0067_0089_0089.jpg 1 60 67 89 89
0302_0080_0100_0082_0082.jpg 1 80 100 82 82
0303_0058_0062_0127_0127.jpg 1 58 62 127 127
0304_0048_0018_0068_0068.jpg 1 48 18 68 68
0305_0036_0032_0131_0131.jpg 1 36 32 131 131
0306_0090_0049_0085_0085.jpg 1 90 49 85 85
0307_0071_0015_0049_0049.jpg 1 71 15 49 49
0308_0084_0090_0078_0078.jpg 1 84 90 78 78
0309_0027_0015_0139_0139.jpg 1 27 15 139 139
0310_0028_0015_0108_0108.jpg 1 28 15 108 108
0311_0132_0103_0052_0052.jpg 1 132 103 52 52
0312_0023_0038_0119_0119.jpg 1 23 38 119 119
0313_0058_0063_0117_0117.jpg 1 58 63 117 117
0314_0109_0065_0072_0072.jpg 1 109 65 72 72
0315_0112_0014_0068_0068.jpg 1 112 14 68 68
0316_0022_0062_0112_0112.jpg 1 22 62 112 112
0317_0063_0100_0073_0073.jpg 1 63 100 73 73
0318_0043_0086_0076_0076.jpg 1 43 86 76 76
0319_0048_0067_0068_0068.jpg 1 48 67 68 68
0320_0056_0046_0135_0135.jpg 1 56 46 135 135
0321_0048_0027_0113_0113.jpg 1 48 27 113 113
0322_0087_0106_0060_0060.jpg 1 87 106 60 60
0323_0097_0079_0052_0052.jpg 1 97 79 52 52
0324_0099_0075_0048_0048.jpg 1 99 75 48 48
0325_0049_0023_0125_0125.jpg 1 49 23 125 125
0326_0030_0056_0091_0091.jpg 1 30 56 91 91
0327_0045_0024_0089_0089.jpg 1 45 24 89 89
0328_0081_0087_0056_0056.jpg 1 81 87 56 56
0329_0071_0019_0110_0110.jpg 1 71 19 110 110
0330_0056_0055_0137_0137.jpg 1 56 55 137 137
0331_0038_0040_0130_0130.jpg 1 38 40 130 130
0332_0047_0087_0082_0082.jpg 1 47 87 82 82
0333_0051_0057_0089_0089.jpg 1 51 57 89 89
0334_0054_0015_0130_0130.jpg 1 54 15 130 130
0335_0015_0122_0061_0061.jpg 1 15 122 61 61
0336_0063_0126_0055_0055.jpg 1 63 126 55 55
0337_0112_0036_0074_0074.jpg 1 112 36 74 74
0338_0017_0010_0103_0103.jpg 1 17 10 103 103
0339_0056_0071_0106_0106.jpg 1 56 71 106 106
0340_0020_0051_0121_0121.jpg 1 20 51 121 121
0341_0069_0131_0050_0050.jpg 1 69 131 50 50
0342_0050_0047_0084_0084.jpg 1 50 47 84 84
0343_0115_0052_0052_0052.jpg 1 115 52 52 52
0344_0088_0061_0100_0100.jpg 1 88 61 100 100
0345_0115_0076_0049_0049.jpg 1 115 76 49 49
0346_0050_0008_0129_0129.jpg 1 50 8 129 129
0347_0012_0057_0107_0107.jpg 1 12 57 107 107
0348_0120_0019_0066_0066.jpg 1 120 19 66 66
0349_0063_0026_0127_0127.jpg 1 63 26 127 127
0350_0070_0026_0094_0094.jpg 1 70 26 94 94
0351_0085_0060_0062_0062.jpg 1 85 60 62 62
0352_0043_0023_0060_0060.jpg 1 43 23 60 60
0353_0081_0073_0057_0057.jpg 1 81 73 57 57
0354_0039_0070_0051_0051.jpg 1 39 70 51 51
0355_0025_0056_0051_0051.jpg 1 25 56 51 51
0356_0067_0121_0057_0057.jpg 1 67 121 57 57
0357_0025_0120_0055_0055.jpg 1 25 120 55 55
0358_0099_0033_0069_0069.jpg 1 99 33 69 69
0359_0063_0009_0105_0105.jpg 1 63 9 105 105
0360_0015_0013_0135_0135.jpg 1 15 13 135 135
0361_0032_0039_0116_0116.jpg 1 32 39 116 116
0362_0101_0035_0081_0081.jpg 1 101 35 81 81
0363_0078_0069_0102_0102.jpg 1 78 69 102 102
0364_0049_0074_0077_0077.jpg 1 49 74 77 77
0365_0128_0090_0054_0054.jpg 1 128 90 54 54
0366_0019_0024_0117_0117.jpg 1 19 24 117 117
0367_0019_0063_0125_0125.jpg 1 19 63 125 125
0368_0042_0019_0087_0087.jpg 1 42 19 87 87
0369_0086_0082_0057_0057.jpg 1 86 82 57 57
0370_0029_0067_0121_0121.jpg 1 29 67 121 121
0371_0091_0067_0074_0074.jpg 1 91 67 74 74
0372_0079_0100_0086_0086.jpg 1 79 100 86 86
0373_0022_0063_0081_0081.jpg 1 22 63 81 81
0374_0020_0048_0130_0130.jpg 1 20 48 130 130
0375_0040_0050_0119_0119.jpg 1 40 50 119 119
0376_0098_0014_0063_0063.jpg 1 98 14 63 63
0377_0054_0082_0052_0052.jpg 1 54 82 52 52
0378_0027_0114_0070_0070.jpg 1 27 114 70 70
0379_0023_0061_0114_0114.jpg 1 23 61 114 114
0380_0090_0080_0099_0099.jpg 1 90 80 99 99
0381_0068_0057_0078_0078.jpg 1 68 57 78 78
0382_0020_0065_0091_0091.jpg 1 20 65 91 91
0383_0019_0009_0115_0115.jpg 1 19 9 115 115
0384_0069_0090_0075_0075.jpg 1 69 90 75 75
0385_0080_0011_0111_0111.jpg 1 80 11 111 111
0386_0028_0078_0100_0100.jpg 1 28 78 100 100
0387_0080_0090_0075_0075.jpg 1 80 90 75 75
0388_0059_0109_0066_0066.jpg 1 59 109 66 66
0389_0036_0064_0123_0123.jpg 1 36 64 123 123
0390_0040_0095_0085_0085.jpg 1 40 95 85 85
0391_0038_0103_0075_0075.jpg 1 38 103 75 75
0392_0046_0025_0139_0139.jpg 1 46 25 139 139
0393_0040_0106_0057_0057.jpg 1 40 106 57 57
0394_0013_0038_0132_0132.jpg 1 13 38 132 132
0395_0042_0043_0081_0081.jpg 1 42 43 81 81
0396_0042_0045_0109_0109.jpg 1 42 45 109 109
0397_0061_0051_0116_0116.jpg 1 61 51 116 116
0398_0014_0026_0137_0137.jpg 1 14 26 137 137
0399_0050_0031_0126_0126.jpg 1 50 31 126 126
0400_0012_0066_0111_0111.jpg 1 12 66 111 111
0401_0051_0052_0124_0124.jpg 1 51 52 124 124
0402_0008_0050_0137_0137.jpg 1 8 50 137 137
0403_0033_0067_0124_0124.jpg 1 33 67 124 124
0404_0116_0044_0051_0051.jpg 1 116 44 51 51
0405_0084_0019_0048_0048.jpg 1 84 19 48 48
0406_0048_0046_0072_0072.jpg 1 48 46 72 72
0407_0051_0073_0117_0117.jpg 1 51 73 117 117
0408_0110_0102_0050_0050.jpg 1 110 102 50 50
0409_0020_0061_0111_0111.jpg 1 20 61 111 111
0410_0035_0014_0136_0136.jpg 1 35 14 136 136
0411_0021_0087_0057_0057.jpg 1 21 87 57 57
0412_0074_0042_0098_0098.jpg 1 74 42 98 98
0413_0018_0055_0133_0133.jpg 1 18 55 133 133
0414_0065_0084_0087_0087.jpg 1 65 84 87 87
0415_0041_0084_0093_0093.jpg 1 41 84 93 93
0416_0049_0025_0107_0107.jpg 1 49 25 107 107
0417_0084_0060_0070_0070.jpg 1 84 60 70 70
0418_0052_0027_0113_0113.jpg 1 52 27 113 113
0419_0063_0095_0069_0069.jpg 1 63 95 69 69
0420_0040_0103_0079_0079.jpg 1 40 103 79 79
0421_0058_0079_0098_0098.jpg 1 58 79 98 98
0422_0011_0032_0132_0132.jpg 1 11 32 132 132
0423_0043_0029_0124_0124.jpg 1 43 29 124 124
0424_0069_0048_0072_0072.jpg 1 69 48 72 72
0425_0030_0026_0075_0075.jpg 1 30 26 75 75
0426_0027_0058_0109_0109.jpg 1 27 58 109 109
0427_0107_0029_0065_0065.jpg 1 107 29 65 65
0428_0049_0086_0079_0079.jpg 1 49 86 79 79
0429_0042_0049_0124_0124.jpg 1 42 49 124 124
0430_0099_0096_0067_0067.jpg 1 99 96 67 67
0431_0012_0007_0138_0138.jpg 1 12 7 138 138
0432_0017_0069_0105_0105.jpg 1 17 69 105 105
0433_0018_0040_0063_0063.jpg 1 18 40 63 63
0434_0070_0052_0117_0117.jpg 1 70 52 117 117
0435_0035_0069_0069_0069.jpg 1 35 69 69 69
0436_0091_0047_0079_0079.jpg 1 91 47 79 79
0437_0011_0047_0137_0137.jpg 1 11 47 137 137
0438_0018_0122_0053_0053.jpg 1 18 122 53 53
0439_0039_0042_0138_0138.jpg 1 39 42 138 138
0440_0062_0034_0112_0112.jpg 1 62 34 112 112
0441_0089_0070_0100_0100.jpg 1 89 70 100 100
0442_0020_0017_0135_0135.jpg 1 20 17 135 135
0443_0062_0075_0067_0067.jpg 1 62 75 67 67
0444_0023_0062_0098_0098.jpg 1 23 62 98 98
0445_0070_0065_0116_0116.jpg 1 70 65 116 116
0446_0056_0023_0124_0124.jpg 1 56 23 124 124
0447_0026_0051_0104_0104.jpg 1 26 51 104 104
0448_0054_0033_0123_0123.jpg 1 54 33 123 123
0449_0102_0046_0078_0078.jpg 1 102 46 78 78
0450_0011_0076_0109_0109.jpg 1 11 76 109 109
0451_0059_0056_0132_0132.jpg 1 59 56 132 132
0452_0071_0034_0117_0117.jpg 1 71 34 117 117
0453_0045_0018_0107_0107.jpg 1 45 18 107 107
0454_0070_0066_0115_0115.jpg 1 70 66 115 115
0455_0039_0028_0107_0107.jpg 1 39 28 107 107
0456_0088_0053_0102_0102.jpg 1 88 53 102 102
0457_0010_0042_0119_0119.jpg 1 10 42 119 119
0458_0050_0073_0082_0082.jpg 1 50 73 82 82
0459_0022_0023_0076_0076.jpg 1 22 23 76 76
0460_0024_0036_0136_0136.jpg 1 24 36 136 136
0461_0021_0052_0085_0085.jpg 1 21 52 85 85
0462_0064_0045_0054_0054.jpg 1 64 45 54 54
0463_0095_0073_0062_0062.jpg 1 95 73 62 62
0464_0089_0076_0062_0062.jpg 1 89 76 62 62
0465_0093_0085_0083_0083.jpg 1 93 85 83 83
0466_0118_0070_0048_0048.jpg 1 118 70 48 48
0467_0114_0033_0062_0062.jpg 1 114 33 62 62
0468_0033_0069_0120_0120.jpg 1 33 69 120 120
0469_0057_0050_0099_0099.jpg 1 57 50 99 99
0470_0089_0055_0098_0098.jpg 1 89 55 98 98
0471_0071_0026_0098_0098.jpg 1 71 26 98 98
0472_0044_0089_0091_0091.jpg 1 44 89 91 91
0473_0087_0073_0082_0082.jpg 1 87 73 82 82
0474_0021_0045_0139_0139.jpg 1 21 45 139 139
0475_0068_0073_0059_0059.jpg 1 68 73 59 59
0476_0015_0016_0091_0091.jpg 1 15 16 91 91
0477_0069_0116_0053_0053.jpg 1 69 116 53 53
0478_0089_0020_0089_0089.jpg 1 89 20 89 89
0479_0084_0073_0082_0082.jpg 1 84 73 82 82
0480_0045_0061_0088_0088.jpg 1 45 61 88 88
0481_0099_0099_0062_0062.jpg 1 99 99 62 62
0482_0034_0028_0101_0101.jpg 1 34 28 101 101
0483_0023_0116_0063_0063.jpg 1 23 116 63 63
0484_0048_0054_0078_0078.jpg 1 48 54 78 78
0485_0029_0054_0070_0070.jpg 1 29 54 70 70
0486_0020_0029_0082_0082.jpg 1 20 29 82 82
0487_0034_0014_0100_0100.jpg 1 34 14 100 100
0488_0045_0042_0095_0095.jpg 1 45 42 95 95
0489_0011_0093_0085_0085.jpg 1 11 93 85 85
0490_0089_0102_0072_0072.jpg 1 89 102 72 72
0491_0100_0023_0073_0073.jpg 1 100 23 73 73
0492_0083_0076_0106_0106.jpg 1 83 76 106 106
0493_0048_0017_0077_0077.jpg 1 48 17 77 77
0494_0036_0021_0090_0090.jpg 1 36 21 90 90
0495_0090_0103_0070_0070.jpg 1 90 103 70 70
0496_0102_0068_0072_0072.jpg 1 102 68 72 72
0497_0067_0012_0104_0104.jpg 1 67 12 104 104
0498_0031_0043_0073_0073.jpg 1 31 43 73 73
0499_0067_0031_0095_0095.jpg 1 67 31 95 95
0500_0073_0069_0106_0106.jpg 1 73 69 106 106
0501_0013_0060_0120_0120.jpg 1 13 60 120 120
0502_0063_0020_0128_0128.jpg 1 63 20 128 128
0503_0078_0011_0085_0085.jpg 1 78 11 85 85
0504_0017_0093_0095_0095.jpg 1 17 93 95 95
0505_0069_0049_0122_0122.jpg 1 69 49 122 122
0506_0063_0017_0056_0056.jpg 1 63 17 56 56
0507_0032_0052_0133_0133.jpg 1 32 52 133 133
0508_0061_0033_0117_0117.jpg 1 61 33 117 117
0509_0016_0020_0135_0135.jpg 1 16 20 135 135
0510_0060_0029_0114_0114.jpg 1 60 29 114 114
0511_0057_0009_0110_0110.jpg 1 57 9 110 110
0512_0057_0017_0066_0066.jpg 1 57 17 66 66
0513_0050_0043_0051_0051.jpg 1 50 43 51 51
0514_0103_0063_0082_0082.jpg 1 103 63 82 82
0515_0057_0055_0121_0121.jpg 1 57 55 121 121
0516_0020_0023_0108_0108.jpg 1 20 23 108 108
0517_0048_0119_0063_0063.jpg 1 48 119 63 63
0518_0035_0037_0127_0127.jpg 1 35 37 127 127
0519_0091_0048_0091_0091.jpg 1 91 48 91 91
0520_0080_0038_0098_0098.jpg 1 80 38 98 98
0521_0055_0093_0079_0079.jpg 1 55 93 79 79
0522_0011_0052_0111_0111.jpg 1 11 52 111 111
0523_0071_0060_0059_0059.jpg 1 71 60 59 59
0524_0071_0058_0120_0120.jpg 1 71 58 120 120
0525_0050_0039_0131_0131.jpg 1 50 39 131 131
0526_0052_0013_0113_0113.jpg 1 52 13 113 113
0527_0063_0068_0112_0112.jpg 1 63 68 112 112
0528_0035_0021_0127_0127.jpg 1 35 21 127 127
0529_0025_0018_0131_0131.jpg 1 25 18 131 131
0530_0086_0043_0067_0067.jpg 1 86 43 67 67
0531_0052_0054_0135_0135.jpg 1 52 54 135 135
0532_0055_0060_0118_0118.jpg 1 55 60 118 118
0533_0074_0066_0114_0114.jpg 1 74 66 114 114
0534_0053_0031_0133_0133.jpg 1 53 31 133 133
0535_0105_0059_0048_0048.jpg 1 105 59 48 48
0536_0031_0031_0131_0131.jpg 1 31 31 131 131
0537_0053_0056_0091_0091.jpg 1 53 56 91 91
0538_0058_0057_0099_0099.jpg 1 58 57 99 99
0539_0018_0015_0125_0125.jpg 1 18 15 125 125
0540_0067_0047_0124_0124.jpg 1 67 47 124 124
0541_0019_0014_0110_0110.jpg 1 19 14 110 110
0542_0033_0020_0118_0118.jpg 1 33 20 118 118
0543_0048_0014_0127_0127.jpg 1 48 14 127 127
0544_0012_0054_0138_0138.jpg 1 12 54 138 138
0545_0036_0085_0075_0075.jpg 1 36 85 75 75
0546_0016_0019_0057_0057.jpg 1 16 19 57 57
0547_0038_0035_0122_0122.jpg 1 38 35 122 122
0548_0021_0059_0120_0120.jpg 1 21 59 120 120
0549_0047_0036_0086_0086.jpg 1 47 36 86 86
0550_0079_0047_0096_0096.jpg 1 79 47 96 96
0551_0057_0024_0106_0106.jpg 1 57 24 106 106
0552_0086_0039_0089_0089.jpg 1 86 39 89 89
0553_0081_0076_0083_0083.jpg 1 81 76 83 83
0554_0013_0015_0092_0092.jpg 1 13 15 92 92
0555_0049_0105_0066_0066.jpg 1 49 105 66 66
0556_0022_0021_0104_0104.jpg 1 22 21 104 104
0557_0040_0046_0127_0127.jpg 1 40 46 127 127
0558_0122_0101_0054_0054.jpg 1 122 101 54 54
0559_0044_0095_0068_0068.jpg 1 44 95 68 68
0560_0033_0033_0124_0124.jpg 1 33 33 124 124
0561_0093_0134_0050_0050.jpg 1 93 134 50 50
0562_0078_0013_0109_0109.jpg 1 78 13 109 109
0563_0055_0026_0109_0109.jpg 1 55 26 109 109
0564_0112_0075_0073_0073.jpg 1 112 75 73 73
0565_0032_0021_0119_0119.jpg 1 32 21 119 119
0566_0035_0026_0056_0056.jpg 1 35 26 56 56
0567_0033_0048_0076_0076.jpg 1 33 48 76 76
0568_0025_0025_0100_0100.jpg 1 25 25 100 100
0569_0108_0022_0060_0060.jpg 1 108 22 60 60
0570_0023_0088_0069_0069.jpg 1 23 88 69 69
0571_0069_0047_0059_0059.jpg 1 69 47 59 59
0572_0047_0052_0139_0139.jpg 1 47 52 139 139
0573_0032_0054_0118_0118.jpg 1 32 54 118 118
0574_0014_0026_0092_0092.jpg 1 14 26 92 92
0575_0052_0019_0050_0050.jpg 1 52 19 50 50
0576_0058_0009_0116_0116.jpg 1 58 9 116 116
0577_0025_0007_0136_0136.jpg 1 25 7 136 136
0578_0017_0023_0080_0080.jpg 1 17 23 80 80
0579_0089_0050_0068_0068.jpg 1 89 50 68 68
0580_0032_0015_0120_0120.jpg 1 32 15 120 120
0581_0017_0037_0086_0086.jpg 1 17 37 86 86
0582_0085_0094_0052_0052.jpg 1 85 94 52 52
0583_0083_0047_0094_0094.jpg 1 83 47 94 94
0584_0053_0049_0137_0137.jpg 1 53 49 137 137
0585_0075_0117_0059_0059.jpg 1 75 117 59 59
0586_0082_0055_0102_0102.jpg 1 82 55 102 102
0587_0088_0028_0082_0082.jpg 1 88 28 82 82
0588_0026_0027_0088_0088.jpg 1 26 27 88 88
0589_0112_0046_0061_0061.jpg 1 112 46 61 61
0590_0019_0023_0130_0130.jpg 1 19 23 130 130
0591_0114_0113_0066_0066.jpg 1 114 113 66 66
0592_0033_0011_0127_0127.jpg 1 33 11 127 127
0593_0043_0040_0104_0104.jpg 1 43 40 104 104
0594_0029_0052_0125_0125.jpg 1 29 52 125 125
0595_0043_0059_0054_0054.jpg 1 43 59 54 54
0596_0061_0058_0077_0077.jpg 1 61 58 77 77
0597_0082_0045_0097_0097.jpg 1 82 45 97 97
0598_0021_0024_0113_0113.jpg 1 21 24 113 113
0599_0079_0084_0084_0084.jpg 1 79 84 84 84
0600_0114_0048_0055_0055.jpg 1 114 48 55 55
0601_0046_0101_0085_0085.jpg 1 46 101 85 85
0602_0080_0060_0096_0096.jpg 1 80 60 96 96
0603_0070_0098_0090_0090.jpg 1 70 98 90 90
0604_0069_0069_0107_0107.jpg 1 69 69 107 107
0605_0107_0019_0048_0048.jpg 1 107 19 48 48
0606_0059_0061_0129_0129.jpg 1 59 61 129 129
0607_0063_0045_0128_0128.jpg 1 63 45 128 128
0608_0035_0027_0106_0106.jpg 1 35 27 106 106
0609_0084_0026_0074_0074.jpg 1 84 26 74 74
0610_0057_0083_0068_0068.jpg 1 57 83 68 68
0611_0055_0027_0136_0136.jpg 1 55 27 136 136
0612_0036_0019_0078_0078.jpg 1 36 19 78 78
0613_0051_0044_0133_0133.jpg 1 51 44 133 133
0614_0017_0056_0115_0115.jpg 1 17 56 115 115
0615_0048_0051_0137_0137.jpg 1 48 51 137 137
0616_0054_0084_0090_0090.jpg 1 54 84 90 90
0617_0012_0038_0114_0114.jpg 1 12 38 114 114
0618_0029_0049_0133_0133.jpg 1 29 49 133 133
0619_0053_0092_0080_0080.jpg 1 53 92 80 80
0620_0040_0091_0080_0080.jpg 1 40 91 80 80
0621_0052_0027_0138_0138.jpg 1 52 27 138 138
0622_0070_0133_0049_0049.jpg 1 70 133 49 49
0623_0076_0041_0091_0091.jpg 1 76 41 91 91
0624_0019_0021_0098_0098.jpg 1 19 21 98 98
0625_0050_0049_0107_0107.jpg 1 50 49 107 107
0626_0061_0028_0085_0085.jpg 1 61 28 85 85
0627_0086_0048_0054_0054.jpg 1 86 48 54 54
0628_0048_0028_0131_0131.jpg 1 48 28 131 131
0629_0046_0013_0131_0131.jpg 1 46 13 131 131
0630_0102_0085_0081_0081.jpg 1 102 85 81 81
0631_0074_0079_0098_0098.jpg 1 74 79 98 98
0632_0050_0065_0068_0068.jpg 1 50 65 68 68
0633_0019_0050_0117_0117.jpg 1 19 50 117 117
0634_0029_0079_0075_0075.jpg 1 29 79 75 75
0635_0054_0040_0127_0127.jpg 1 54 40 127 127
0636_0077_0044_0097_0097.jpg 1 77 44 97 97
0637_0054_0106_0075_0075.jpg 1 54 106 75 75
0638_0076_0078_0110_0110.jpg 1 76 78 110 110
0639_0024_0048_0109_0109.jpg 1 24 48 109 109
0640_0035_0074_0085_0085.jpg 1 35 74 85 85
0641_0046_0052_0068_0068.jpg 1 46 52 68 68
0642_0077_0065_0104_0104.jpg 1 77 65 104 104
0643_0050_0029_0127_0127.jpg 1 50 29 127 127
0644_0087_0091_0095_0095.jpg 1 87 91 95 95
0645_0116_0040_0053_0053.jpg 1 116 40 53 53
0646_0060_0016_0121_0121.jpg 1 60 16 121 121
0647_0102_0036_0055_0055.jpg 1 102 36 55 55
0648_0087_0068_0080_0080.jpg 1 87 68 80 80
0649_0033_0084_0059_0059.jpg 1 33 84 59 59
0650_0042_0043_0079_0079.jpg 1 42 43 79 79
0651_0066_0054_0106_0106.jpg 1 66 54 106 106
0652_0060_0068_0121_0121.jpg 1 60 68 121 121
0653_0090_0112_0074_0074.jpg 1 90 112 74 74
0654_0055_0016_0080_0080.jpg 1 55 16 80 80
0655_0009_0057_0130_0130.jpg 1 9 57 130 130
0656_0034_0067_0112_0112.jpg 1 34 67 112 112
0657_0047_0089_0055_0055.jpg 1 47 89 55 55
0658_0104_0032_0071_0071.jpg 1 104 32 71 71
0659_0062_0073_0106_0106.jpg 1 62 73 106 106
0660_0072_0065_0063_0063.jpg 1 72 65 63 63
0661_0049_0032_0108_0108.jpg 1 49 32 108 108
0662_0032_0049_0053_0053.jpg 1 32 49 53 53
0663_0029_0024_0112_0112.jpg 1 29 24 112 112
0664_0028_0015_0128_0128.jpg 1 28 15 128 128
0665_0035_0048_0097_0097.jpg 1 35 48 97 97
0666_0079_0031_0094_0094.jpg 1 79 31 94 94
0667_0044_0041_0067_0067.jpg 1 44 41 67 67
0668_0054_0075_0073_0073.jpg 1 54 75 73 73
0669_0057_0094_0082_0082.jpg 1 57 94 82 82
0670_0110_0046_0068_0068.jpg 1 110 46 68 68
0671_0101_0071_0075_0075.jpg 1 101 71 75 75
0672_0038_0022_0104_0104.jpg 1 38 22 104 104
0673_0057_0033_0130_0130.jpg 1 57 33 130 130
0674_0035_0049_0067_0067.jpg 1 35 49 67 67
0675_0037_0057_0074_0074.jpg 1 37 57 74 74
0676_0019_0013_0128_0128.jpg 1 19 13 128 128
0677_0053_0074_0113_0113.jpg 1 53 74 113 113
0678_0110_0017_0074_0074.jpg 1 110 17 74 74
0679_0012_0108_0078_0078.jpg 1 12 108 78 78
0680_0046_0020_0068_0068.jpg 1 46 20 68 68
0681_0019_0072_0112_0112.jpg 1 19 72 112 112
0682_0042_0081_0094_0094.jpg 1 42 81 94 94
0683_0027_0011_0131_0131.jpg 1 27 11 131 131
0684_0049_0038_0096_0096.jpg 1 49 38 96 96
0685_0065_0105_0079_0079.jpg 1 65 105 79 79
0686_0053_0036_0091_0091.jpg 1 53 36 91 91
0687_0032_0048_0089_0089.jpg 1 32 48 89 89
0688_0106_0082_0062_0062.jpg 1 106 82 62 62
0689_0103_0031_0065_0065.jpg 1 103 31 65 65
0690_0040_0027_0118_0118.jpg 1 40 27 118 118
0691_0043_0078_0048_0048.jpg 1 43 78 48 48
0692_0044_0033_0120_0120.jpg 1 44 33 120 120
0693_0116_0052_0062_0062.jpg 1 116 52 62 62
0694_0101_0116_0068_0068.jpg 1 101 116 68 68
0695_0038_0023_0112_0112.jpg 1 38 23 112 112
0696_0031_0040_0139_0139.jpg 1 31 40 139 139
0697_0042_0059_0091_0091.jpg 1 42 59 91 91
0698_0105_0109_0073_0073.jpg 1 105 109 73 73
0699_0048_0017_0078_0078.jpg 1 48 17 78 78
0700_0096_0047_0070_0070.jpg 1 96 47 70 70
0701_0015_0070_0085_0085.jpg 1 15 70 85 85
0702_0044_0061_0118_0118.jpg 1 44 61 118 118
0703_0059_0028_0078_0078.jpg 1 59 28 78 78
0704_0096_0067_0077_0077.jpg 1 96 67 77 77
0705_0039_0104_0064_0064.jpg 1 39 104 64 64
0706_0016_0081_0096_0096.jpg 1 16 81 96 96
0707_0070_0087_0076_0076.jpg 1 70 87 76 76
0708_0060_0050_0090_0090.jpg 1 60 50 90 90
0709_0045_0027_0109_0109.jpg 1 45 27 109 109
0710_0019_0082_0056_0056.jpg 1 19 82 56 56
0711_0068_0038_0088_0088.jpg 1 68 38 88 88
0712_0069_0014_0078_0078.jpg 1 69 14 78 78
0713_0051_0043_0096_0096.jpg 1 51 43 96 96
0714_0027_0011_0125_0125.jpg 1 27 11 125 125
0715_0049_0025_0063_0063.jpg 1 49 25 63 63
0716_0057_0062_0124_0124.jpg 1 57 62 124 124
0717_0063_0030_0122_0122.jpg 1 63 30 122 122
0718_0014_0040_0086_0086.jpg 1 14 40 86 86
0719_0011_0021_0122_0122.jpg 1 11 21 122 122
0720_0123_0092_0062_0062.jpg 1 123 92 62 62
0721_0032_0073_0054_0054.jpg 1 32 73 54 54
0722_0058_0026_0085_0085.jpg 1 58 26 85 85
0723_0028_0013_0084_0084.jpg 1 28 13 84 84
0724_0036_0037_0104_0104.jpg 1 36 37 104 104
0725_0034_0035_0072_0072.jpg 1 34 35 72 72
0726_0015_0037_0119_0119.jpg 1 15 37 119 119
0727_0029_0052_0134_0134.jpg 1 29 52 134 134
0728_0065_0013_0121_0121.jpg 1 65 13 121 121
0729_0090_0083_0057_0057.jpg 1 90 83 57 57
0730_0036_0051_0056_0056.jpg 1 36 51 56 56
0731_0078_0096_0074_0074.jpg 1 78 96 74 74
0732_0016_0025_0108_0108.jpg 1 16 25 108 108
0733_0047_0076_0081_0081.jpg 1 47 76 81 81
0734_0034_0037_0060_0060.jpg 1 34 37 60 60
0735_0035_0066_0111_0111.jpg 1 35 66 111 111
0736_0062_0032_0063_0063.jpg 1 62 32 63 63
0737_0041_0020_0133_0133.jpg 1 41 20 133 133
0738_0044_0010_0138_0138.jpg 1 44 10 138 138
0739_0017_0054_0106_0106.jpg 1 17 54 106 106
0740_0070_0049_0098_0098.jpg 1 70 49 98 98
0741_0058_0081_0107_0107.jpg 1 58 81 107 107
0742_0058_0069_0115_0115.jpg 1 58 69 115 115
0743_0085_0039_0063_0063.jpg 1 85 39 63 63
0744_0013_0039_0114_0114.jpg 1 13 39 114 114
0745_0038_0069_0050_0050.jpg 1 38 69 50 50
0746_0092_0020_0078_0078.jpg 1 92 20 78 78
0747_0008_0068_0124_0124.jpg 1 8 68 124 124
0748_0039_0057_0069_0069.jpg 1 39 57 69 69
0749_0012_0046_0115_0115.jpg 1 12 46 115 115
0750_0116_0020_0070_0070.jpg 1 116 20 70 70
0751_0067_0051_0111_0111.jpg 1 67 51 111 111
0752_0085_0038_0067_0067.jpg 1 85 38 67 67
0753_0082_0045_0095_0095.jpg 1 82 45 95 95
0754_0067_0057_0095_0095.jpg 1 67 57 95 95
0755_0080_0078_0095_0095.jpg 1 80 78 95 95
0756_0034_0065_0113_0113.jpg 1 34 65 113 113
0757_0016_0057_0133_0133.jpg 1 16 57 133 133
0758_0029_0019_0057_0057.jpg 1 29 19 57 57
0759_0099_0056_0085_0085.jpg 1 99 56 85 85
0760_0009_0055_0125_0125.jpg 1 9 55 125 125
0761_0017_0017_0128_0128.jpg 1 17 17 128 128
0762_0063_0074_0112_0112.jpg 1 63 74 112 112
0763_0074_0042_0101_0101.jpg 1 74 42 101 101
0764_0101_0025_0083_0083.jpg 1 101 25 83 83
0765_0046_0067_0097_0097.jpg 1 46 67 97 97
0766_0022_0042_0123_0123.jpg 1 22 42 123 123
0767_0046_0024_0118_0118.jpg 1 46 24 118 118
0768_0008_0033_0114_0114.jpg 1 8 33 114 114
0769_0015_0094_0093_0093.jpg 1 15 94 93 93
0770_0037_0090_0094_0094.jpg 1 37 90 94 94
0771_0058_0030_0125_0125.jpg 1 58 30 125 125
0772_0019_0017_0078_0078.jpg 1 19 17 78 78
0773_0045_0035_0139_0139.jpg 1 45 35 139 139
0774_0039_0018_0133_0133.jpg 1 39 18 133 133
0775_0011_0020_0133_0133.jpg 1 11 20 133 133
0776_0055_0077_0104_0104.jpg 1 55 77 104 104
0777_0016_0047_0126_0126.jpg 1 16 47 126 126
0778_0034_0068_0109_0109.jpg 1 34 68 109 109
0779_0030_0062_0063_0063.jpg 1 30 62 63 63
0780_0088_0074_0093_0093.jpg 1 88 74 93 93
0781_0080_0021_0052_0052.jpg 1 80 21 52 52
0782_0043_0010_0130_0130.jpg 1 43 10 130 130
0783_0054_0010_0102_0102.jpg 1 54 10 102 102
0784_0088_0096_0091_0091.jpg 1 88 96 91 91
0785_0067_0044_0081_0081.jpg 1 67 44 81 81
0786_0007_0041_0131_0131.jpg 1 7 41 131 131
0787_0013_0060_0084_0084.jpg 1 13 60 84 84
0788_0034_0097_0067_0067.jpg 1 34 97 67 67
0789_0020_0053_0120_0120.jpg 1 20 53 120 120
0790_0051_0099_0061_0061.jpg 1 51 99 61 61
0791_0089_0078_0071_0071.jpg 1 89 78 71 71
0792_0037_0050_0105_0105.jpg 1 37 50 105 105
0793_0044_0022_0082_0082.jpg 1 44 22 82 82
0794_0074_0040_0092_0092.jpg 1 74 40 92 92
0795_0064_0057_0059_0059.jpg 1 64 57 59 59
0796_0041_0047_0116_0116.jpg 1 41 47 116 116
0797_0015_0021_0122_0122.jpg 1 15 21 122 122
0798_0070_0061_0107_0107.jpg 1 70 61 107 107
0799_0109_0029_0072_0072.jpg 1 109 29 72 72
0800_0035_0102_0075_0075.jpg 1 35 102 75 75
