0001_0014_0061_0076_0076.jpg 1 14 61 76 76
0002_0092_0070_0090_0090.jpg 1 92 70 90 90
0003_0022_0044_0120_0120.jpg 1 22 44 120 120
0004_0038_0045_0125_0125.jpg 1 38 45 125 125
0005_0099_0116_0065_0065.jpg 1 99 116 65 65
0006_0041_0061_0118_0118.jpg 1 41 61 118 118
0007_0023_0056_0136_0136.jpg 1 23 56 136 136
0008_0124_0065_0060_0060.jpg 1 124 65 60 60
0009_0043_0043_0114_0114.jpg 1 43 43 114 114
0010_0085_0034_0071_0071.jpg 1 85 34 71 71
0011_0075_0035_0090_0090.jpg 1 75 35 90 90
0012_0032_0052_0123_0123.jpg 1 32 52 123 123
0013_0021_0088_0099_0099.jpg 1 21 88 99 99
0014_0052_0085_0063_0063.jpg 1 52 85 63 63
0015_0054_0054_0092_0092.jpg 1 54 54 92 92
0016_0058_0077_0074_0074.jpg 1 58 77 74 74
0017_0035_0038_0050_0050.jpg 1 35 38 50 50
0018_0046_0063_0078_0078.jpg 1 46 63 78 78
0019_0026_0037_0108_0108.jpg 1 26 37 108 108
0020_0019_0076_0089_0089.jpg 1 19 76 89 89
0021_0062_0044_0087_0087.jpg 1 62 44 87 87
0022_0046_0054_0138_0138.jpg 1 46 54 138 138
0023_0090_0015_0088_0088.jpg 1 90 15 88 88
0024_0055_0070_0072_0072.jpg 1 55 70 72 72
0025_0033_0072_0067_0067.jpg 1 33 72 67 67
0026_0066_0110_0054_0054.jpg 1 66 110 54 54
0027_0016_0110_0075_0075.jpg 1 16 110 75 75
0028_0032_0067_0095_0095.jpg 1 32 67 95 95
0029_0063_0060_0098_0098.jpg 1 63 60 98 98
0030_0076_0047_0049_0049.jpg 1 76 47 49 49
0031_0074_0073_0048_0048.jpg 1 74 73 48 48
0032_0038_0039_0108_0108.jpg 1 38 39 108 108
0033_0119_0101_0053_0053.jpg 1 119 101 53 53
0034_0059_0039_0113_0113.jpg 1 59 39 113 113
0035_0084_0077_0101_0101.jpg 1 84 77 101 101
0036_0020_0052_0118_0118.jpg 1 20 52 118 118
0037_0008_0036_0122_0122.jpg 1 8 36 122 122
0038_0059_0022_0070_0070.jpg 1 59 22 70 70
0039_0062_0046_0072_0072.jpg 1 62 46 72 72
0040_0085_0081_0090_0090.jpg 1 85 81 90 90
0041_0054_0011_0112_0112.jpg 1 54 11 112 112
0042_0015_0109_0063_0063.jpg 1 15 109 63 63
0043_0065_0097_0061_0061.jpg 1 65 97 61 61
0044_0024_0014_0131_0131.jpg 1 24 14 131 131
0045_0017_0041_0108_0108.jpg 1 17 41 108 108
0046_0038_0023_0132_0132.jpg 1 38 23 132 132
0047_0039_0082_0101_0101.jpg 1 39 82 101 101
0048_0017_0032_0118_0118.jpg 1 17 32 118 118
0049_0029_0059_0112_0112.jpg 1 29 59 112 112
0050_0045_0047_0138_0138.jpg 1 45 47 138 138
0051_0062_0052_0111_0111.jpg 1 62 52 111 111
0052_0068_0073_0074_0074.jpg 1 68 73 74 74
0053_0087_0099_0062_0062.jpg 1 87 99 62 62
0054_0042_0086_0088_0088.jpg 1 42 86 88 88
0055_0076_0053_0064_0064.jpg 1 76 53 64 64
0056_0067_0074_0052_0052.jpg 1 67 74 52 52
0057_0102_0121_0053_0053.jpg 1 102 121 53 53
0058_0062_0050_0094_0094.jpg 1 62 50 94 94
0059_0052_0055_0136_0136.jpg 1 52 55 136 136
0060_0066_0018_0055_0055.jpg 1 66 18 55 55
0061_0054_0062_0093_0093.jpg 1 54 62 93 93
0062_0104_0050_0069_0069.jpg 1 104 50 69 69
0063_0047_0016_0139_0139.jpg 1 47 16 139 139
0064_0018_0027_0056_0056.jpg 1 18 27 56 56
0065_0032_0057_0106_0106.jpg 1 32 57 106 106
0066_0041_0081_0068_0068.jpg 1 41 81 68 68
0067_0056_0019_0119_0119.jpg 1 56 19 119 119
0068_0045_0050_0057_0057.jpg 1 45 50 57 57
0069_0048_0019_0053_0053.jpg 1 48 19 53 53
0070_0087_0092_0055_0055.jpg 1 87 92 55 55
0071_0061_0049_0114_0114.jpg 1 61 49 114 114
0072_0033_0062_0088_0088.jpg 1 33 62 88 88
0073_0074_0047_0117_0117.jpg 1 74 47 117 117
0074_0051_0016_0064_0064.jpg 1 51 16 64 64
0075_0058_0057_0113_0113.jpg 1 58 57 113 113
0076_0080_0032_0093_0093.jpg 1 80 32 93 93
0077_0085_0020_0074_0074.jpg 1 85 20 74 74
0078_0076_0032_0114_0114.jpg 1 76 32 114 114
0079_0066_0067_0066_0066.jpg 1 66 67 66 66
0080_0027_0048_0059_0059.jpg 1 27 48 59 59
0081_0074_0063_0065_0065.jpg 1 74 63 65 65
0082_0014_0011_0106_0106.jpg 1 14 11 106 106
0083_0032_0017_0124_0124.jpg 1 32 17 124 124
0084_0066_0035_0109_0109.jpg 1 66 35 109 109
0085_0024_0049_0097_0097.jpg 1 24 49 97 97
0086_0033_0040_0049_0049.jpg 1 33 40 49 49
0087_0063_0013_0081_0081.jpg 1 63 13 81 81
0088_0094_0121_0052_0052.jpg 1 94 121 52 52
0089_0051_0069_0079_0079.jpg 1 51 69 79 79
0090_0044_0023_0113_0113.jpg 1 44 23 113 113
0091_0023_0054_0108_0108.jpg 1 23 54 108 108
0092_0043_0070_0051_0051.jpg 1 43 70 51 51
0093_0057_0036_0119_0119.jpg 1 57 36 119 119
0094_0013_0013_0123_0123.jpg 1 13 13 123 123
0095_0057_0011_0123_0123.jpg 1 57 11 123 123
0096_0015_0056_0120_0120.jpg 1 15 56 120 120
0097_0021_0034_0133_0133.jpg 1 21 34 133 133
0098_0013_0011_0121_0121.jpg 1 13 11 121 121
0099_0030_0060_0124_0124.jpg 1 30 60 124 124
0100_0032_0007_0137_0137.jpg 1 32 7 137 137
0101_0024_0111_0061_0061.jpg 1 24 111 61 61
0102_0059_0022_0124_0124.jpg 1 59 22 124 124
0103_0090_0047_0083_0083.jpg 1 90 47 83 83
0104_0039_0038_0126_0126.jpg 1 39 38 126 126
0105_0035_0020_0117_0117.jpg 1 35 20 117 117
0106_0023_0017_0070_0070.jpg 1 23 17 70 70
0107_0083_0082_0100_0100.jpg 1 83 82 100 100
0108_0069_0023_0068_0068.jpg 1 69 23 68 68
0109_0038_0075_0058_0058.jpg 1 38 75 58 58
0110_0011_0030_0120_0120.jpg 1 11 30 120 120
0111_0028_0037_0089_0089.jpg 1 28 37 89 89
0112_0052_0021_0114_0114.jpg 1 52 21 114 114
0113_0095_0103_0057_0057.jpg 1 95 103 57 57
0114_0050_0127_0056_0056.jpg 1 50 127 56 56
0115_0036_0009_0121_0121.jpg 1 36 9 121 121
0116_0011_0032_0135_0135.jpg 1 11 32 135 135
0117_0050_0043_0130_0130.jpg 1 50 43 130 130
0118_0057_0048_0100_0100.jpg 1 57 48 100 100
0119_0023_0069_0106_0106.jpg 1 23 69 106 106
0120_0023_0133_0048_0048.jpg 1 23 133 48 48
0121_0062_0071_0115_0115.jpg 1 62 71 115 115
0122_0031_0075_0115_0115.jpg 1 31 75 115 115
0123_0102_0064_0050_0050.jpg 1 102 64 50 50
0124_0039_0067_0073_0073.jpg 1 39 67 73 73
0125_0104_0075_0057_0057.jpg 1 104 75 57 57
0126_0027_0021_0067_0067.jpg 1 27 21 67 67
0127_0052_0022_0119_0119.jpg 1 52 22 119 119
0128_0054_0061_0053_0053.jpg 1 54 61 53 53
0129_0056_0019_0115_0115.jpg 1 56 19 115 115
0130_0024_0050_0093_0093.jpg 1 24 50 93 93
0131_0027_0042_0109_0109.jpg 1 27 42 109 109
0132_0031_0096_0066_0066.jpg 1 31 96 66 66
0133_0008_0010_0137_0137.jpg 1 8 10 137 137
0134_0074_0027_0108_0108.jpg 1 74 27 108 108
0135_0054_0090_0078_0078.jpg 1 54 90 78 78
0136_0053_0016_0119_0119.jpg 1 53 16 119 119
0137_0036_0102_0052_0052.jpg 1 36 102 52 52
0138_0091_0028_0051_0051.jpg 1 91 28 51 51
0139_0025_0037_0119_0119.jpg 1 25 37 119 119
0140_0084_0055_0069_0069.jpg 1 84 55 69 69
0141_0039_0025_0104_0104.jpg 1 39 25 104 104
0142_0058_0073_0104_0104.jpg 1 58 73 104 104
0143_0062_0049_0049_0049.jpg 1 62 49 49 49
0144_0033_0020_0122_0122.jpg 1 33 20 122 122
0145_0058_0062_0112_0112.jpg 1 58 62 112 112
0146_0093_0050_0069_0069.jpg 1 93 50 69 69
0147_0047_0015_0085_0085.jpg 1 47 15 85 85
0148_0080_0022_0099_0099.jpg 1 80 22 99 99
0149_0062_0026_0085_0085.jpg 1 62 26 85 85
0150_0109_0046_0076_0076.jpg 1 109 46 76 76
0151_0011_0067_0116_0116.jpg 1 11 67 116 116
0152_0095_0078_0075_0075.jpg 1 95 78 75 75
0153_0085_0013_0095_0095.jpg 1 85 13 95 95
0154_0028_0049_0096_0096.jpg 1 28 49 96 96
0155_0051_0042_0085_0085.jpg 1 51 42 85 85
0156_0112_0063_0052_0052.jpg 1 112 63 52 52
0157_0058_0037_0069_0069.jpg 1 58 37 69 69
0158_0076_0023_0081_0081.jpg 1 76 23 81 81
0159_0029_0040_0138_0138.jpg 1 29 40 138 138
0160_0023_0052_0114_0114.jpg 1 23 52 114 114
0161_0033_0035_0128_0128.jpg 1 33 35 128 128
0162_0041_0025_0095_0095.jpg 1 41 25 95 95
0163_0097_0044_0065_0065.jpg 1 97 44 65 65
0164_0036_0021_0113_0113.jpg 1 36 21 113 113
0165_0077_0075_0073_0073.jpg 1 77 75 73 73
0166_0067_0062_0102_0102.jpg 1 67 62 102 102
0167_0030_0035_0105_0105.jpg 1 30 35 105 105
0168_0020_0060_0100_0100.jpg 1 20 60 100 100
0169_0084_0018_0106_0106.jpg 1 84 18 106 106
0170_0056_0071_0101_0101.jpg 1 56 71 101 101
0171_0013_0020_0138_0138.jpg 1 13 20 138 138
0172_0121_0115_0060_0060.jpg 1 121 115 60 60
0173_0019_0032_0126_0126.jpg 1 19 32 126 126
0174_0048_0011_0092_0092.jpg 1 48 11 92 92
0175_0016_0055_0109_0109.jpg 1 16 55 109 109
0176_0033_0049_0107_0107.jpg 1 33 49 107 107
0177_0049_0034_0073_0073.jpg 1 49 34 73 73
0178_0063_0090_0098_0098.jpg 1 63 90 98 98
0179_0054_0077_0102_0102.jpg 1 54 77 102 102
0180_0019_0026_0137_0137.jpg 1 19 26 137 137
0181_0075_0031_0088_0088.jpg 1 75 31 88 88
0182_0049_0078_0071_0071.jpg 1 49 78 71 71
0183_0010_0031_0126_0126.jpg 1 10 31 126 126
0184_0036_0043_0125_0125.jpg 1 36 43 125 125
0185_0067_0023_0114_0114.jpg 1 67 23 114 114
0186_0024_0043_0103_0103.jpg 1 24 43 103 103
0187_0122_0082_0050_0050.jpg 1 122 82 50 50
0188_0062_0085_0087_0087.jpg 1 62 85 87 87
0189_0101_0041_0076_0076.jpg 1 101 41 76 76
0190_0073_0065_0062_0062.jpg 1 73 65 62 62
0191_0050_0020_0105_0105.jpg 1 50 20 105 105
0192_0025_0070_0107_0107.jpg 1 25 70 107 107
0193_0031_0043_0138_0138.jpg 1 31 43 138 138
0194_0021_0051_0085_0085.jpg 1 21 51 85 85
0195_0055_0073_0092_0092.jpg 1 55 73 92 92
0196_0042_0068_0123_0123.jpg 1 42 68 123 123
0197_0120_0038_0057_0057.jpg 1 120 38 57 57
0198_0098_0078_0090_0090.jpg 1 98 78 90 90
0199_0018_0024_0123_0123.jpg 1 18 24 123 123
0200_0029_0044_0088_0088.jpg 1 29 44 88 88
0201_0027_0046_0134_0134.jpg 1 27 46 134 134
0202_0015_0082_0064_0064.jpg 1 15 82 64 64
0203_0026_0073_0104_0104.jpg 1 26 73 104 104
0204_0055_0048_0095_0095.jpg 1 55 48 95 95
0205_0116_0064_0065_0065.jpg 1 116 64 65 65
0206_0081_0029_0089_0089.jpg 1 81 29 89 89
0207_0068_0010_0101_0101.jpg 1 68 10 101 101
0208_0026_0020_0097_0097.jpg 1 26 20 97 97
0209_0094_0052_0050_0050.jpg 1 94 52 50 50
0210_0025_0090_0090_0090.jpg 1 25 90 90 90
0211_0009_0044_0110_0110.jpg 1 9 44 110 110
0212_0013_0031_0121_0121.jpg 1 13 31 121 121
0213_0011_0021_0125_0125.jpg 1 11 21 125 125
0214_0046_0062_0110_0110.jpg 1 46 62 110 110
0215_0017_0010_0131_0131.jpg 1 17 10 131 131
0216_0055_0073_0112_0112.jpg 1 55 73 112 112
0217_0015_0016_0099_0099.jpg 1 15 16 99 99
0218_0022_0010_0108_0108.jpg 1 22 10 108 108
0219_0080_0021_0081_0081.jpg 1 80 21 81 81
0220_0070_0082_0078_0078.jpg 1 70 82 78 78
0221_0025_0062_0118_0118.jpg 1 25 62 118 118
0222_0045_0027_0087_0087.jpg 1 45 27 87 87
0223_0060_0069_0048_0048.jpg 1 60 69 48 48
0224_0033_0048_0072_0072.jpg 1 33 48 72 72
0225_0022_0073_0109_0109.jpg 1 22 73 109 109
0226_0069_0093_0094_0094.jpg 1 69 93 94 94
0227_0010_0032_0102_0102.jpg 1 10 32 102 102
0228_0084_0024_0056_0056.jpg 1 84 24 56 56
0229_0061_0024_0064_0064.jpg 1 61 24 64 64
0230_0041_0094_0094_0094.jpg 1 41 94 94 94
0231_0075_0068_0108_0108.jpg 1 75 68 108 108
0232_0014_0105_0067_0067.jpg 1 14 105 67 67
0233_0084_0095_0089_0089.jpg 1 84 95 89 89
0234_0021_0036_0136_0136.jpg 1 21 36 136 136
0235_0082_0020_0086_0086.jpg 1 82 20 86 86
0236_0039_0023_0139_0139.jpg 1 39 23 139 139
0237_0020_0088_0075_0075.jpg 1 20 88 75 75
0238_0085_0027_0083_0083.jpg 1 85 27 83 83
0239_0014_0031_0132_0132.jpg 1 14 31 132 132
0240_0038_0008_0127_0127.jpg 1 38 8 127 127
0241_0028_0025_0095_0095.jpg 1 28 25 95 95
0242_0092_0098_0055_0055.jpg 1 92 98 55 55
0243_0032_0053_0133_0133.jpg 1 32 53 133 133
0244_0062_0011_0123_0123.jpg 1 62 11 123 123
0245_0046_0055_0097_0097.jpg 1 46 55 97 97
0246_0081_0074_0092_0092.jpg 1 81 74 92 92
0247_0055_0058_0078_0078.jpg 1 55 58 78 78
0248_0097_0053_0076_0076.jpg 1 97 53 76 76
0249_0040_0053_0112_0112.jpg 1 40 53 112 112
0250_0048_0065_0056_0056.jpg 1 48 65 56 56
0251_0019_0024_0132_0132.jpg 1 19 24 132 132
0252_0014_0034_0130_0130.jpg 1 14 34 130 130
0253_0083_0032_0100_0100.jpg 1 83 32 100 100
0254_0073_0085_0093_0093.jpg 1 73 85 93 93
0255_0082_0035_0104_0104.jpg 1 82 35 104 104
0256_0065_0065_0115_0115.jpg 1 65 65 115 115
0257_0031_0019_0104_0104.jpg 1 31 19 104 104
0258_0117_0067_0056_0056.jpg 1 117 67 56 56
0259_0062_0024_0130_0130.jpg 1 62 24 130 130
0260_0043_0047_0117_0117.jpg 1 43 47 117 117
0261_0046_0085_0098_0098.jpg 1 46 85 98 98
0262_0069_0121_0056_0056.jpg 1 69 121 56 56
0263_0061_0032_0117_0117.jpg 1 61 32 117 117
0264_0100_0048_0086_0086.jpg 1 100 48 86 86
0265_0084_0109_0075_0075.jpg 1 84 109 75 75
0266_0029_0107_0050_0050.jpg 1 29 107 50 50
0267_0064_0015_0116_0116.jpg 1 64 15 116 116
0268_0109_0020_0058_0058.jpg 1 109 20 58 58
0269_0056_0017_0071_0071.jpg 1 56 17 71 71
0270_0087_0016_0058_0058.jpg 1 87 16 58 58
0271_0033_0080_0078_0078.jpg 1 33 80 78 78
0272_0047_0015_0067_0067.jpg 1 47 15 67 67
0273_0084_0029_0071_0071.jpg 1 84 29 71 71
0274_0080_0046_0049_0049.jpg 1 80 46 49 49
0275_0130_0038_0054_0054.jpg 1 130 38 54 54
0276_0051_0045_0134_0134.jpg 1 51 45 134 134
0277_0034_0116_0066_0066.jpg 1 34 116 66 66
0278_0060_0019_0126_0126.jpg 1 60 19 126 126
0279_0052_0028_0114_0114.jpg 1 52 28 114 114
0280_0086_0021_0063_0063.jpg 1 86 21 63 63
0281_0056_0095_0058_0058.jpg 1 56 95 58 58
0282_0046_0093_0062_0062.jpg 1 46 93 62 62
0283_0119_0099_0055_0055.jpg 1 119 99 55 55
0284_0045_0095_0082_0082.jpg 1 45 95 82 82
0285_0080_0038_0102_0102.jpg 1 80 38 102 102
0286_0010_0042_0129_0129.jpg 1 10 42 129 129
0287_0048_0016_0081_0081.jpg 1 48 16 81 81
0288_0025_0048_0129_0129.jpg 1 25 48 129 129
0289_0050_0044_0128_0128.jpg 1 50 44 128 128
0290_0079_0064_0105_0105.jpg 1 79 64 105 105
0291_0018_0093_0084_0084.jpg 1 18 93 84 84
0292_0039_0104_0056_0056.jpg 1 39 104 56 56
0293_0052_0019_0120_0120.jpg 1 52 19 120 120
0294_0038_0067_0091_0091.jpg 1 38 67 91 91
0295_0020_0011_0117_0117.jpg 1 20 11 117 117
0296_0056_0051_0067_0067.jpg 1 56 51 67 67
0297_0026_0090_0078_0078.jpg 1 26 90 78 78
0298_0067_0042_0074_0074.jpg 1 67 42 74 74
0299_0054_0024_0121_0121.jpg 1 54 24 121 121
0300_0087_0091_0064_0064.jpg 1 87 91 64 64
0301_0050_0055_0121_0121.jpg 1 50 55 121 121
0302_0072_0036_0088_0088.jpg 1 72 36 88 88
0303_0073_0029_0052_0052.jpg 1 73 29 52 52
0304_0052_0061_0128_0128.jpg 1 52 61 128 128
0305_0031_0015_0104_0104.jpg 1 31 15 104 104
0306_0076_0064_0084_0084.jpg 1 76 64 84 84
0307_0026_0071_0083_0083.jpg 1 26 71 83 83
0308_0050_0099_0068_0068.jpg 1 50 99 68 68
0309_0016_0053_0138_0138.jpg 1 16 53 138 138
0310_0034_0032_0111_0111.jpg 1 34 32 111 111
0311_0023_0118_0067_0067.jpg 1 23 118 67 67
0312_0033_0015_0104_0104.jpg 1 33 15 104 104
0313_0059_0026_0083_0083.jpg 1 59 26 83 83
0314_0094_0033_0092_0092.jpg 1 94 33 92 92
0315_0082_0081_0106_0106.jpg 1 82 81 106 106
0316_0099_0092_0062_0062.jpg 1 99 92 62 62
0317_0098_0033_0075_0075.jpg 1 98 33 75 75
0318_0065_0033_0058_0058.jpg 1 65 33 58 58
0319_0065_0009_0124_0124.jpg 1 65 9 124 124
0320_0080_0078_0077_0077.jpg 1 80 78 77 77
0321_0015_0028_0117_0117.jpg 1 15 28 117 117
0322_0070_0109_0063_0063.jpg 1 70 109 63 63
0323_0037_0025_0105_0105.jpg 1 37 25 105 105
0324_0015_0042_0113_0113.jpg 1 15 42 113 113
0325_0073_0035_0075_0075.jpg 1 73 35 75 75
0326_0008_0049_0129_0129.jpg 1 8 49 129 129
0327_0049_0015_0100_0100.jpg 1 49 15 100 100
0328_0013_0074_0076_0076.jpg 1 13 74 76 76
0329_0057_0014_0120_0120.jpg 1 57 14 120 120
0330_0036_0045_0116_0116.jpg 1 36 45 116 116
0331_0055_0070_0106_0106.jpg 1 55 70 106 106
0332_0030_0051_0094_0094.jpg 1 30 51 94 94
0333_0036_0026_0128_0128.jpg 1 36 26 128 128
0334_0053_0076_0112_0112.jpg 1 53 76 112 112
0335_0033_0078_0108_0108.jpg 1 33 78 108 108
0336_0023_0024_0132_0132.jpg 1 23 24 132 132
0337_0083_0074_0098_0098.jpg 1 83 74 98 98
0338_0057_0012_0120_0120.jpg 1 57 12 120 120
0339_0054_0057_0110_0110.jpg 1 54 57 110 110
0340_0070_0014_0060_0060.jpg 1 70 14 60 60
0341_0077_0095_0088_0088.jpg 1 77 95 88 88
0342_0031_0040_0133_0133.jpg 1 31 40 133 133
0343_0013_0036_0077_0077.jpg 1 13 36 77 77
0344_0073_0054_0111_0111.jpg 1 73 54 111 111
0345_0039_0011_0114_0114.jpg 1 39 11 114 114
0346_0075_0116_0050_0050.jpg 1 75 116 50 50
0347_0101_0110_0075_0075.jpg 1 101 110 75 75
0348_0053_0011_0135_0135.jpg 1 53 11 135 135
0349_0112_0014_0075_0075.jpg 1 112 14 75 75
0350_0049_0033_0084_0084.jpg 1 49 33 84 84
0351_0038_0097_0053_0053.jpg 1 38 97 53 53
0352_0077_0049_0109_0109.jpg 1 77 49 109 109
0353_0042_0040_0061_0061.jpg 1 42 40 61 61
0354_0052_0121_0062_0062.jpg 1 52 121 62 62
0355_0044_0016_0084_0084.jpg 1 44 16 84 84
0356_0087_0013_0069_0069.jpg 1 87 13 69 69
0357_0018_0052_0099_0099.jpg 1 18 52 99 99
0358_0016_0042_0135_0135.jpg 1 16 42 135 135
0359_0058_0016_0113_0113.jpg 1 58 16 113 113
0360_0066_0099_0084_0084.jpg 1 66 99 84 84
0361_0053_0097_0087_0087.jpg 1 53 97 87 87
0362_0016_0092_0087_0087.jpg 1 16 92 87 87
0363_0104_0069_0082_0082.jpg 1 104 69 82 82
0364_0006_0053_0139_0139.jpg 1 6 53 139 139
0365_0015_0045_0135_0135.jpg 1 15 45 135 135
0366_0051_0083_0090_0090.jpg 1 51 83 90 90
0367_0118_0069_0063_0063.jpg 1 118 69 63 63
0368_0058_0022_0130_0130.jpg 1 58 22 130 130
0369_0018_0013_0066_0066.jpg 1 18 13 66 66
0370_0049_0050_0080_0080.jpg 1 49 50 80 80
0371_0069_0035_0087_0087.jpg 1 69 35 87 87
0372_0029_0086_0086_0086.jpg 1 29 86 86 86
0373_0081_0057_0093_0093.jpg 1 81 57 93 93
0374_0100_0067_0071_0071.jpg 1 100 67 71 71
0375_0025_0041_0133_0133.jpg 1 25 41 133 133
0376_0064_0036_0101_0101.jpg 1 64 36 101 101
0377_0029_0049_0085_0085.jpg 1 29 49 85 85
0378_0064_0037_0115_0115.jpg 1 64 37 115 115
0379_0043_0107_0074_0074.jpg 1 43 107 74 74
0380_0054_0068_0124_0124.jpg 1 54 68 124 124
0381_0108_0061_0060_0060.jpg 1 108 61 60 60
0382_0068_0038_0062_0062.jpg 1 68 38 62 62
0383_0084_0039_0095_0095.jpg 1 84 39 95 95
0384_0056_0056_0117_0117.jpg 1 56 56 117 117
0385_0035_0052_0100_0100.jpg 1 35 52 100 100
0386_0036_0022_0109_0109.jpg 1 36 22 109 109
0387_0019_0018_0134_0134.jpg 1 19 18 134 134
0388_0017_0031_0123_0123.jpg 1 17 31 123 123
0389_0022_0057_0107_0107.jpg 1 22 57 107 107
0390_0094_0050_0075_0075.jpg 1 94 50 75 75
0391_0067_0039_0094_0094.jpg 1 67 39 94 94
0392_0077_0019_0057_0057.jpg 1 77 19 57 57
0393_0019_0081_0090_0090.jpg 1 19 81 90 90
0394_0021_0044_0120_0120.jpg 1 21 44 120 120
0395_0039_0054_0121_0121.jpg 1 39 54 121 121
0396_0076_0098_0061_0061.jpg 1 76 98 61 61
0397_0048_0021_0115_0115.jpg 1 48 21 115 115
0398_0048_0017_0128_0128.jpg 1 48 17 128 128
0399_0066_0062_0054_0054.jpg 1 66 62 54 54
0400_0023_0011_0089_0089.jpg 1 23 11 89 89
0401_0091_0043_0055_0055.jpg 1 91 43 55 55
0402_0019_0087_0049_0049.jpg 1 19 87 49 49
0403_0096_0066_0074_0074.jpg 1 96 66 74 74
0404_0075_0028_0116_0116.jpg 1 75 28 116 116
0405_0043_0083_0099_0099.jpg 1 43 83 99 99
0406_0046_0085_0101_0101.jpg 1 46 85 101 101
0407_0027_0078_0107_0107.jpg 1 27 78 107 107
0408_0030_0010_0137_0137.jpg 1 30 10 137 137
0409_0054_0028_0089_0089.jpg 1 54 28 89 89
0410_0044_0013_0106_0106.jpg 1 44 13 106 106
0411_0053_0007_0137_0137.jpg 1 53 7 137 137
0412_0105_0099_0067_0067.jpg 1 105 99 67 67
0413_0061_0056_0091_0091.jpg 1 61 56 91 91
0414_0040_0024_0136_0136.jpg 1 40 24 136 136
0415_0107_0110_0064_0064.jpg 1 107 110 64 64
0416_0094_0083_0075_0075.jpg 1 94 83 75 75
0417_0044_0078_0073_0073.jpg 1 44 78 73 73
0418_0034_0009_0109_0109.jpg 1 34 9 109 109
0419_0052_0042_0088_0088.jpg 1 52 42 88 88
0420_0081_0051_0095_0095.jpg 1 81 51 95 95
0421_0045_0031_0106_0106.jpg 1 45 31 106 106
0422_0019_0041_0103_0103.jpg 1 19 41 103 103
0423_0032_0064_0125_0125.jpg 1 32 64 125 125
0424_0051_0055_0126_0126.jpg 1 51 55 126 126
0425_0072_0032_0098_0098.jpg 1 72 32 98 98
0426_0091_0035_0093_0093.jpg 1 91 35 93 93
0427_0048_0074_0081_0081.jpg 1 48 74 81 81
0428_0063_0024_0126_0126.jpg 1 63 24 126 126
0429_0067_0050_0048_0048.jpg 1 67 50 48 48
0430_0042_0077_0100_0100.jpg 1 42 77 100 100
0431_0021_0034_0132_0132.jpg 1 21 34 132 132
0432_0090_0052_0093_0093.jpg 1 90 52 93 93
0433_0052_0099_0076_0076.jpg 1 52 99 76 76
0434_0043_0090_0097_0097.jpg 1 43 90 97 97
0435_0091_0087_0065_0065.jpg 1 91 87 65 65
0436_0080_0047_0088_0088.jpg 1 80 47 88 88
0437_0104_0079_0079_0079.jpg 1 104 79 79 79
0438_0059_0091_0054_0054.jpg 1 59 91 54 54
0439_0009_0043_0112_0112.jpg 1 9 43 112 112
0440_0027_0063_0112_0112.jpg 1 27 63 112 112
0441_0030_0052_0101_0101.jpg 1 30 52 101 101
0442_0042_0049_0119_0119.jpg 1 42 49 119 119
0443_0058_0039_0109_0109.jpg 1 58 39 109 109
0444_0043_0050_0074_0074.jpg 1 43 50 74 74
0445_0028_0029_0124_0124.jpg 1 28 29 124 124
0446_0030_0013_0116_0116.jpg 1 30 13 116 116
0447_0059_0109_0066_0066.jpg 1 59 109 66 66
0448_0058_0010_0121_0121.jpg 1 58 10 121 121
0449_0025_0089_0077_0077.jpg 1 25 89 77 77
0450_0085_0055_0053_0053.jpg 1 85 55 53 53
0451_0067_0022_0122_0122.jpg 1 67 22 122 122
0452_0083_0061_0097_0097.jpg 1 83 61 97 97
0453_0018_0056_0087_0087.jpg 1 18 56 87 87
0454_0011_0032_0121_0121.jpg 1 11 32 121 121
0455_0086_0061_0048_0048.jpg 1 86 61 48 48
0456_0062_0044_0060_0060.jpg 1 62 44 60 60
0457_0042_0081_0096_0096.jpg 1 42 81 96 96
0458_0090_0098_0070_0070.jpg 1 90 98 70 70
0459_0072_0076_0069_0069.jpg 1 72 76 69 69
0460_0016_0080_0092_0092.jpg 1 16 80 92 92
0461_0082_0077_0077_0077.jpg 1 82 77 77 77
0462_0016_0052_0120_0120.jpg 1 16 52 120 120
0463_0021_0008_0116_0116.jpg 1 21 8 116 116
0464_0033_0060_0073_0073.jpg 1 33 60 73 73
0465_0012_0065_0119_0119.jpg 1 12 65 119 119
0466_0070_0053_0114_0114.jpg 1 70 53 114 114
0467_0086_0022_0063_0063.jpg 1 86 22 63 63
0468_0051_0048_0136_0136.jpg 1 51 48 136 136
0469_0057_0085_0089_0089.jpg 1 57 85 89 89
0470_0015_0007_0131_0131.jpg 1 15 7 131 131
0471_0059_0018_0117_0117.jpg 1 59 18 117 117
0472_0019_0018_0107_0107.jpg 1 19 18 107 107
0473_0015_0066_0054_0054.jpg 1 15 66 54 54
0474_0058_0061_0122_0122.jpg 1 58 61 122 122
0475_0029_0022_0128_0128.jpg 1 29 22 128 128
0476_0019_0051_0127_0127.jpg 1 19 51 127 127
0477_0047_0008_0121_0121.jpg 1 47 8 121 121
0478_0013_0042_0132_0132.jpg 1 13 42 132 132
0479_0022_0027_0126_0126.jpg 1 22 27 126 126
0480_0048_0064_0052_0052.jpg 1 48 64 52 52
0481_0021_0032_0128_0128.jpg 1 21 32 128 128
0482_0033_0074_0094_0094.jpg 1 33 74 94 94
0483_0053_0013_0127_0127.jpg 1 53 13 127 127
0484_0044_0105_0082_0082.jpg 1 44 105 82 82
0485_0018_0029_0091_0091.jpg 1 18 29 91 91
0486_0076_0078_0094_0094.jpg 1 76 78 94 94
0487_0087_0124_0060_0060.jpg 1 87 124 60 60
0488_0031_0030_0138_0138.jpg 1 31 30 138 138
0489_0125_0076_0050_0050.jpg 1 125 76 50 50
0490_0013_0029_0105_0105.jpg 1 13 29 105 105
0491_0073_0091_0096_0096.jpg 1 73 91 96 96
0492_0027_0064_0051_0051.jpg 1 27 64 51 51
0493_0016_0055_0075_0075.jpg 1 16 55 75 75
0494_0016_0089_0070_0070.jpg 1 16 89 70 70
0495_0106_0019_0059_0059.jpg 1 106 19 59 59
0496_0028_0035_0135_0135.jpg 1 28 35 135 135
0497_0043_0036_0101_0101.jpg 1 43 36 101 101
0498_0071_0045_0103_0103.jpg 1 71 45 103 103
0499_0092_0082_0054_0054.jpg 1 92 82 54 54
0500_0041_0048_0126_0126.jpg 1 41 48 126 126
0501_0065_0016_0070_0070.jpg 1 65 16 70 70
0502_0045_0012_0112_0112.jpg 1 45 12 112 112
0503_0092_0053_0090_0090.jpg 1 92 53 90 90
0504_0066_0088_0085_0085.jpg 1 66 88 85 85
0505_0016_0079_0056_0056.jpg 1 16 79 56 56
0506_0047_0018_0103_0103.jpg 1 47 18 103 103
0507_0015_0095_0063_0063.jpg 1 15 95 63 63
0508_0093_0046_0057_0057.jpg 1 93 46 57 57
0509_0060_0071_0110_0110.jpg 1 60 71 110 110
0510_0094_0034_0058_0058.jpg 1 94 34 58 58
0511_0085_0009_0102_0102.jpg 1 85 9 102 102
0512_0047_0057_0132_0132.jpg 1 47 57 132 132
0513_0036_0052_0120_0120.jpg 1 36 52 120 120
0514_0066_0076_0076_0076.jpg 1 66 76 76 76
0515_0067_0020_0123_0123.jpg 1 67 20 123 123
0516_0028_0110_0067_0067.jpg 1 28 110 67 67
0517_0122_0126_0055_0055.jpg 1 122 126 55 55
0518_0064_0123_0049_0049.jpg 1 64 123 49 49
0519_0108_0104_0075_0075.jpg 1 108 104 75 75
0520_0085_0050_0096_0096.jpg 1 85 50 96 96
0521_0059_0012_0083_0083.jpg 1 59 12 83 83
0522_0054_0027_0087_0087.jpg 1 54 27 87 87
0523_0045_0017_0123_0123.jpg 1 45 17 123 123
0524_0084_0058_0068_0068.jpg 1 84 58 68 68
0525_0035_0013_0107_0107.jpg 1 35 13 107 107
0526_0045_0071_0113_0113.jpg 1 45 71 113 113
0527_0049_0035_0052_0052.jpg 1 49 35 52 52
0528_0060_0092_0065_0065.jpg 1 60 92 65 65
0529_0054_0067_0117_0117.jpg 1 54 67 117 117
0530_0121_0089_0064_0064.jpg 1 121 89 64 64
0531_0011_0035_0124_0124.jpg 1 11 35 124 124
0532_0094_0100_0066_0066.jpg 1 94 100 66 66
0533_0063_0011_0126_0126.jpg 1 63 11 126 126
0534_0050_0018_0139_0139.jpg 1 50 18 139 139
0535_0074_0104_0057_0057.jpg 1 74 104 57 57
0536_0011_0020_0106_0106.jpg 1 11 20 106 106
0537_0015_0042_0133_0133.jpg 1 15 42 133 133
0538_0028_0065_0104_0104.jpg 1 28 65 104 104
0539_0076_0029_0104_0104.jpg 1 76 29 104 104
0540_0080_0021_0093_0093.jpg 1 80 21 93 93
0541_0099_0074_0082_0082.jpg 1 99 74 82 82
0542_0017_0043_0058_0058.jpg 1 17 43 58 58
0543_0046_0016_0097_0097.jpg 1 46 16 97 97
0544_0035_0010_0127_0127.jpg 1 35 10 127 127
0545_0107_0057_0057_0057.jpg 1 107 57 57 57
0546_0008_0030_0122_0122.jpg 1 8 30 122 122
0547_0079_0100_0068_0068.jpg 1 79 100 68 68
0548_0074_0064_0101_0101.jpg 1 74 64 101 101
0549_0082_0039_0063_0063.jpg 1 82 39 63 63
0550_0025_0063_0079_0079.jpg 1 25 63 79 79
0551_0026_0083_0088_0088.jpg 1 26 83 88 88
0552_0107_0024_0061_0061.jpg 1 107 24 61 61
0553_0013_0065_0110_0110.jpg 1 13 65 110 110
0554_0055_0027_0102_0102.jpg 1 55 27 102 102
0555_0032_0014_0098_0098.jpg 1 32 14 98 98
0556_0090_0024_0063_0063.jpg 1 90 24 63 63
0557_0080_0057_0099_0099.jpg 1 80 57 99 99
0558_0092_0058_0056_0056.jpg 1 92 58 56 56
0559_0043_0095_0093_0093.jpg 1 43 95 93 93
0560_0028_0024_0103_0103.jpg 1 28 24 103 103
0561_0104_0032_0076_0076.jpg 1 104 32 76 76
0562_0049_0018_0096_0096.jpg 1 49 18 96 96
0563_0083_0039_0103_0103.jpg 1 83 39 103 103
0564_0030_0029_0131_0131.jpg 1 30 29 131 131
0565_0016_0093_0087_0087.jpg 1 16 93 87 87
0566_0008_0019_0129_0129.jpg 1 8 19 129 129
0567_0035_0042_0066_0066.jpg 1 35 42 66 66
0568_0059_0072_0089_0089.jpg 1 59 72 89 89
0569_0122_0089_0049_0049.jpg 1 122 89 49 49
0570_0018_0031_0062_0062.jpg 1 18 31 62 62
0571_0024_0048_0134_0134.jpg 1 24 48 134 134
0572_0055_0019_0099_0099.jpg 1 55 19 99 99
0573_0012_0040_0133_0133.jpg 1 12 40 133 133
0574_0029_0057_0070_0070.jpg 1 29 57 70 70
0575_0122_0026_0054_0054.jpg 1 122 26 54 54
0576_0049_0053_0131_0131.jpg 1 49 53 131 131
0577_0027_0040_0116_0116.jpg 1 27 40 116 116
0578_0104_0043_0067_0067.jpg 1 104 43 67 67
0579_0116_0090_0069_0069.jpg 1 116 90 69 69
0580_0091_0021_0059_0059.jpg 1 91 21 59 59
0581_0008_0068_0121_0121.jpg 1 8 68 121 121
0582_0104_0066_0080_0080.jpg 1 104 66 80 80
0583_0039_0084_0060_0060.jpg 1 39 84 60 60
0584_0071_0019_0111_0111.jpg 1 71 19 111 111
0585_0050_0018_0122_0122.jpg 1 50 18 122 122
0586_0095_0061_0068_0068.jpg 1 95 61 68 68
0587_0050_0024_0128_0128.jpg 1 50 24 128 128
0588_0029_0046_0134_0134.jpg 1 29 46 134 134
0589_0111_0054_0054_0054.jpg 1 111 54 54 54
0590_0077_0030_0089_0089.jpg 1 77 30 89 89
0591_0058_0095_0093_0093.jpg 1 58 95 93 93
0592_0031_0027_0099_0099.jpg 1 31 27 99 99
0593_0023_0046_0139_0139.jpg 1 23 46 139 139
0594_0052_0061_0117_0117.jpg 1 52 61 117 117
0595_0098_0075_0061_0061.jpg 1 98 75 61 61
0596_0077_0014_0102_0102.jpg 1 77 14 102 102
0597_0020_0054_0138_0138.jpg 1 20 54 138 138
0598_0085_0030_0050_0050.jpg 1 85 30 50 50
0599_0072_0012_0083_0083.jpg 1 72 12 83 83
0600_0066_0014_0065_0065.jpg 1 66 14 65 65
0601_0036_0046_0133_0133.jpg 1 36 46 133 133
0602_0040_0048_0123_0123.jpg 1 40 48 123 123
0603_0036_0038_0106_0106.jpg 1 36 38 106 106
0604_0067_0063_0112_0112.jpg 1 67 63 112 112
0605_0060_0023_0111_0111.jpg 1 60 23 111 111
0606_0070_0048_0058_0058.jpg 1 70 48 58 58
0607_0100_0047_0055_0055.jpg 1 100 47 55 55
0608_0078_0100_0085_0085.jpg 1 78 100 85 85
0609_0053_0034_0125_0125.jpg 1 53 34 125 125
0610_0043_0057_0132_0132.jpg 1 43 57 132 132
0611_0069_0033_0054_0054.jpg 1 69 33 54 54
0612_0083_0125_0057_0057.jpg 1 83 125 57 57
0613_0016_0085_0056_0056.jpg 1 16 85 56 56
0614_0064_0023_0099_0099.jpg 1 64 23 99 99
0615_0047_0061_0122_0122.jpg 1 47 61 122 122
0616_0028_0071_0110_0110.jpg 1 28 71 110 110
0617_0013_0056_0094_0094.jpg 1 13 56 94 94
0618_0048_0121_0064_0064.jpg 1 48 121 64 64
0619_0026_0055_0093_0093.jpg 1 26 55 93 93
0620_0041_0045_0135_0135.jpg 1 41 45 135 135
0621_0020_0014_0133_0133.jpg 1 20 14 133 133
0622_0054_0019_0097_0097.jpg 1 54 19 97 97
0623_0056_0027_0049_0049.jpg 1 56 27 49 49
0624_0022_0034_0112_0112.jpg 1 22 34 112 112
0625_0036_0080_0073_0073.jpg 1 36 80 73 73
0626_0019_0021_0124_0124.jpg 1 19 21 124 124
0627_0035_0053_0071_0071.jpg 1 35 53 71 71
0628_0024_0033_0088_0088.jpg 1 24 33 88 88
0629_0035_0047_0139_0139.jpg 1 35 47 139 139
0630_0030_0015_0113_0113.jpg 1 30 15 113 113
0631_0033_0049_0114_0114.jpg 1 33 49 114 114
0632_0026_0021_0122_0122.jpg 1 26 21 122 122
0633_0063_0124_0058_0058.jpg 1 63 124 58 58
0634_0059_0087_0097_0097.jpg 1 59 87 97 97
0635_0010_0023_0130_0130.jpg 1 10 23 130 130
0636_0041_0089_0052_0052.jpg 1 41 89 52 52
0637_0036_0042_0099_0099.jpg 1 36 42 99 99
0638_0030_0058_0059_0059.jpg 1 30 58 59 59
0639_0052_0053_0064_0064.jpg 1 52 53 64 64
0640_0011_0051_0114_0114.jpg 1 11 51 114 114
0641_0102_0016_0057_0057.jpg 1 102 16 57 57
0642_0027_0047_0112_0112.jpg 1 27 47 112 112
0643_0112_0026_0067_0067.jpg 1 112 26 67 67
0644_0101_0082_0055_0055.jpg 1 101 82 55 55
0645_0074_0050_0100_0100.jpg 1 74 50 100 100
0646_0088_0056_0097_0097.jpg 1 88 56 97 97
0647_0072_0034_0090_0090.jpg 1 72 34 90 90
0648_0081_0058_0097_0097.jpg 1 81 58 97 97
0649_0047_0062_0119_0119.jpg 1 47 62 119 119
0650_0036_0051_0087_0087.jpg 1 36 51 87 87
0651_0076_0014_0114_0114.jpg 1 76 14 114 114
0652_0076_0053_0095_0095.jpg 1 76 53 95 95
0653_0089_0030_0084_0084.jpg 1 89 30 84 84
0654_0027_0025_0112_0112.jpg 1 27 25 112 112
0655_0065_0015_0087_0087.jpg 1 65 15 87 87
0656_0084_0032_0100_0100.jpg 1 84 32 100 100
0657_0055_0059_0124_0124.jpg 1 55 59 124 124
0658_0055_0050_0114_0114.jpg 1 55 50 114 114
0659_0088_0069_0065_0065.jpg 1 88 69 65 65
0660_0050_0022_0126_0126.jpg 1 50 22 126 126
0661_0033_0028_0119_0119.jpg 1 33 28 119 119
0662_0107_0090_0063_0063.jpg 1 107 90 63 63
0663_0101_0030_0080_0080.jpg 1 101 30 80 80
0664_0087_0028_0060_0060.jpg 1 87 28 60 60
0665_0047_0073_0095_0095.jpg 1 47 73 95 95
0666_0021_0024_0137_0137.jpg 1 21 24 137 137
0667_0064_0070_0084_0084.jpg 1 64 70 84 84
0668_0062_0066_0108_0108.jpg 1 62 66 108 108
0669_0099_0096_0082_0082.jpg 1 99 96 82 82
0670_0019_0029_0103_0103.jpg 1 19 29 103 103
0671_0052_0037_0100_0100.jpg 1 52 37 100 100
0672_0096_0086_0054_0054.jpg 1 96 86 54 54
0673_0068_0039_0108_0108.jpg 1 68 39 108 108
0674_0050_0012_0122_0122.jpg 1 50 12 122 122
0675_0069_0022_0097_0097.jpg 1 69 22 97 97
0676_0041_0029_0122_0122.jpg 1 41 29 122 122
0677_0029_0071_0100_0100.jpg 1 29 71 100 100
0678_0072_0015_0116_0116.jpg 1 72 15 116 116
0679_0012_0080_0098_0098.jpg 1 12 80 98 98
0680_0075_0077_0110_0110.jpg 1 75 77 110 110
0681_0097_0040_0089_0089.jpg 1 97 40 89 89
0682_0118_0045_0066_0066.jpg 1 118 45 66 66
0683_0067_0067_0074_0074.jpg 1 67 67 74 74
0684_0058_0043_0135_0135.jpg 1 58 43 135 135
0685_0024_0042_0120_0120.jpg 1 24 42 120 120
0686_0036_0020_0119_0119.jpg 1 36 20 119 119
0687_0011_0051_0119_0119.jpg 1 11 51 119 119
0688_0010_0019_0136_0136.jpg 1 10 19 136 136
0689_0033_0066_0126_0126.jpg 1 33 66 126 126
0690_0024_0027_0134_0134.jpg 1 24 27 134 134
0691_0029_0022_0088_0088.jpg 1 29 22 88 88
0692_0032_0073_0090_0090.jpg 1 32 73 90 90
0693_0028_0095_0086_0086.jpg 1 28 95 86 86
0694_0017_0046_0136_0136.jpg 1 17 46 136 136
0695_0071_0039_0065_0065.jpg 1 71 39 65 65
0696_0063_0047_0119_0119.jpg 1 63 47 119 119
0697_0013_0037_0101_0101.jpg 1 13 37 101 101
0698_0094_0117_0068_0068.jpg 1 94 117 68 68
0699_0014_0036_0115_0115.jpg 1 14 36 115 115
0700_0019_0033_0131_0131.jpg 1 19 33 131 131
0701_0089_0013_0092_0092.jpg 1 89 13 92 92
0702_0028_0031_0102_0102.jpg 1 28 31 102 102
0703_0062_0009_0128_0128.jpg 1 62 9 128 128
0704_0052_0064_0059_0059.jpg 1 52 64 59 59
0705_0025_0110_0070_0070.jpg 1 25 110 70 70
0706_0043_0093_0063_0063.jpg 1 43 93 63 63
0707_0030_0045_0116_0116.jpg 1 30 45 116 116
0708_0032_0074_0106_0106.jpg 1 32 74 106 106
0709_0030_0079_0103_0103.jpg 1 30 79 103 103
0710_0105_0073_0080_0080.jpg 1 105 73 80 80
0711_0052_0015_0123_0123.jpg 1 52 15 123 123
0712_0008_0033_0115_0115.jpg 1 8 33 115 115
0713_0079_0014_0088_0088.jpg 1 79 14 88 88
0714_0085_0103_0070_0070.jpg 1 85 103 70 70
0715_0025_0059_0067_0067.jpg 1 25 59 67 67
0716_0096_0064_0092_0092.jpg 1 96 64 92 92
0717_0063_0019_0108_0108.jpg 1 63 19 108 108
0718_0058_0016_0130_0130.jpg 1 58 16 130 130
0719_0018_0079_0105_0105.jpg 1 18 79 105 105
0720_0083_0054_0101_0101.jpg 1 83 54 101 101
0721_0041_0049_0072_0072.jpg 1 41 49 72 72
0722_0105_0036_0075_0075.jpg 1 105 36 75 75
0723_0056_0036_0135_0135.jpg 1 56 36 135 135
0724_0016_0029_0136_0136.jpg 1 16 29 136 136
0725_0030_0015_0108_0108.jpg 1 30 15 108 108
0726_0018_0045_0135_0135.jpg 1 18 45 135 135
0727_0053_0029_0049_0049.jpg 1 53 29 49 49
0728_0059_0073_0102_0102.jpg 1 59 73 102 102
0729_0009_0044_0123_0123.jpg 1 9 44 123 123
0730_0046_0014_0123_0123.jpg 1 46 14 123 123
0731_0109_0029_0074_0074.jpg 1 109 29 74 74
0732_0034_0042_0111_0111.jpg 1 34 42 111 111
0733_0096_0057_0055_0055.jpg 1 96 57 55 55
0734_0013_0013_0120_0120.jpg 1 13 13 120 120
0735_0020_0041_0088_0088.jpg 1 20 41 88 88
0736_0089_0093_0055_0055.jpg 1 89 93 55 55
0737_0053_0022_0097_0097.jpg 1 53 22 97 97
0738_0040_0043_0109_0109.jpg 1 40 43 109 109
0739_0051_0101_0071_0071.jpg 1 51 101 71 71
0740_0039_0111_0057_0057.jpg 1 39 111 57 57
0741_0014_0046_0077_0077.jpg 1 14 46 77 77
0742_0022_0027_0119_0119.jpg 1 22 27 119 119
0743_0016_0052_0072_0072.jpg 1 16 52 72 72
0744_0050_0020_0121_0121.jpg 1 50 20 121 121
0745_0058_0073_0106_0106.jpg 1 58 73 106 106
0746_0043_0064_0094_0094.jpg 1 43 64 94 94
0747_0100_0098_0073_0073.jpg 1 100 98 73 73
0748_0046_0033_0136_0136.jpg 1 46 33 136 136
0749_0025_0013_0124_0124.jpg 1 25 13 124 124
0750_0089_0048_0096_0096.jpg 1 89 48 96 96
0751_0100_0085_0064_0064.jpg 1 100 85 64 64
0752_0037_0054_0085_0085.jpg 1 37 54 85 85
0753_0076_0060_0085_0085.jpg 1 76 60 85 85
0754_0071_0077_0089_0089.jpg 1 71 77 89 89
0755_0028_0035_0111_0111.jpg 1 28 35 111 111
0756_0019_0066_0097_0097.jpg 1 19 66 97 97
0757_0020_0010_0119_0119.jpg 1 20 10 119 119
0758_0081_0095_0089_0089.jpg 1 81 95 89 89
0759_0073_0130_0053_0053.jpg 1 73 130 53 53
0760_0031_0065_0112_0112.jpg 1 31 65 112 112
0761_0061_0031_0071_0071.jpg 1 61 31 71 71
0762_0033_0090_0072_0072.jpg 1 33 90 72 72
0763_0093_0069_0054_0054.jpg 1 93 69 54 54
0764_0023_0105_0065_0065.jpg 1 23 105 65 65
0765_0049_0050_0059_0059.jpg 1 49 50 59 59
0766_0069_0024_0119_0119.jpg 1 69 24 119 119
0767_0043_0036_0113_0113.jpg 1 43 36 113 113
0768_0043_0041_0127_0127.jpg 1 43 41 127 127
0769_0012_0042_0124_0124.jpg 1 12 42 124 124
0770_0019_0090_0060_0060.jpg 1 19 90 60 60
0771_0015_0036_0102_0102.jpg 1 15 36 102 102
0772_0108_0093_0069_0069.jpg 1 108 93 69 69
0773_0061_0015_0109_0109.jpg 1 61 15 109 109
0774_0066_0059_0075_0075.jpg 1 66 59 75 75
0775_0026_0053_0126_0126.jpg 1 26 53 126 126
0776_0013_0079_0111_0111.jpg 1 13 79 111 111
0777_0084_0031_0069_0069.jpg 1 84 31 69 69
0778_0019_0047_0132_0132.jpg 1 19 47 132 132
0779_0031_0068_0056_0056.jpg 1 31 68 56 56
0780_0091_0020_0069_0069.jpg 1 91 20 69 69
0781_0013_0024_0136_0136.jpg 1 13 24 136 136
0782_0025_0098_0088_0088.jpg 1 25 98 88 88
0783_0049_0048_0112_0112.jpg 1 49 48 112 112
0784_0099_0092_0064_0064.jpg 1 99 92 64 64
0785_0036_0020_0121_0121.jpg 1 36 20 121 121
0786_0045_0029_0126_0126.jpg 1 45 29 126 126
0787_0063_0027_0086_0086.jpg 1 63 27 86 86
0788_0033_0013_0128_0128.jpg 1 33 13 128 128
0789_0065_0066_0108_0108.jpg 1 65 66 108 108
0790_0010_0053_0105_0105.jpg 1 10 53 105 105
0791_0065_0077_0089_0089.jpg 1 65 77 89 89
0792_0026_0097_0091_0091.jpg 1 26 97 91 91
0793_0078_0074_0096_0096.jpg 1 78 74 96 96
0794_0038_0072_0069_0069.jpg 1 38 72 69 69
0795_0079_0030_0066_0066.jpg 1 79 30 66 66
0796_0067_0063_0095_0095.jpg 1 67 63 95 95
0797_0108_0044_0070_0070.jpg 1 108 44 70 70
0798_0051_0040_0062_0062.jpg 1 51 40 62 62
0799_0023_0042_0133_0133.jpg 1 23 42 133 133
0800_0050_0024_0130_0130.jpg 1 50 24 130 130
