0001_0051_0044_0059_0059.jpg 1 51 44 59 59
0002_0067_0058_0090_0090.jpg 1 67 58 90 90
0003_0038_0075_0098_0098.jpg 1 38 75 98 98
0004_0033_0069_0092_0092.jpg 1 33 69 92 92
0005_0032_0098_0080_0080.jpg 1 32 98 80 80
0006_0023_0074_0103_0103.jpg 1 23 74 103 103
0007_0132_0076_0049_0049.jpg 1 132 76 49 49
0008_0040_0083_0088_0088.jpg 1 40 83 88 88
0009_0023_0020_0115_0115.jpg 1 23 20 115 115
0010_0033_0064_0117_0117.jpg 1 33 64 117 117
0011_0088_0076_0099_0099.jpg 1 88 76 99 99
0012_0048_0069_0110_0110.jpg 1 48 69 110 110
0013_0043_0016_0102_0102.jpg 1 43 16 102 102
0014_0012_0038_0082_0082.jpg 1 12 38 82 82
0015_0013_0036_0105_0105.jpg 1 13 36 105 105
0016_0034_0044_0126_0126.jpg 1 34 44 126 126
0017_0062_0034_0119_0119.jpg 1 62 34 119 119
0018_0091_0118_0065_0065.jpg 1 91 118 65 65
0019_0008_0009_0138_0138.jpg 1 8 9 138 138
0020_0039_0069_0101_0101.jpg 1 39 69 101 101
0021_0071_0032_0105_0105.jpg 1 71 32 105 105
0022_0064_0075_0076_0076.jpg 1 64 75 76 76
0023_0114_0076_0049_0049.jpg 1 114 76 49 49
0024_0056_0049_0090_0090.jpg 1 56 49 90 90
0025_0098_0101_0050_0050.jpg 1 98 101 50 50
0026_0015_0016_0094_0094.jpg 1 15 16 94 94
0027_0039_0095_0089_0089.jpg 1 39 95 89 89
0028_0094_0073_0086_0086.jpg 1 94 73 86 86
0029_0009_0049_0115_0115.jpg 1 9 49 115 115
0030_0063_0015_0078_0078.jpg 1 63 15 78 78
0031_0009_0024_0128_0128.jpg 1 9 24 128 128
0032_0051_0029_0137_0137.jpg 1 51 29 137 137
0033_0065_0018_0090_0090.jpg 1 65 18 90 90
0034_0056_0075_0101_0101.jpg 1 56 75 101 101
0035_0060_0039_0087_0087.jpg 1 60 39 87 87
0036_0047_0075_0065_0065.jpg 1 47 75 65 65
0037_0015_0009_0108_0108.jpg 1 15 9 108 108
0038_0084_0059_0100_0100.jpg 1 84 59 100 100
0039_0016_0119_0049_0049.jpg 1 16 119 49 49
0040_0066_0084_0091_0091.jpg 1 66 84 91 91
0041_0012_0071_0087_0087.jpg 1 12 71 87 87
0042_0021_0013_0129_0129.jpg 1 21 13 129 129
0043_0014_0053_0134_0134.jpg 1 14 53 134 134
0044_0080_0033_0106_0106.jpg 1 80 33 106 106
0045_0020_0017_0123_0123.jpg 1 20 17 123 123
0046_0064_0079_0108_0108.jpg 1 64 79 108 108
0047_0083_0101_0053_0053.jpg 1 83 101 53 53
0048_0070_0046_0118_0118.jpg 1 70 46 118 118
0049_0048_0026_0100_0100.jpg 1 48 26 100 100
0050_0045_0014_0130_0130.jpg 1 45 14 130 130
0051_0111_0071_0071_0071.jpg 1 111 71 71 71
0052_0055_0020_0083_0083.jpg 1 55 20 83 83
0053_0029_0015_0053_0053.jpg 1 29 15 53 53
0054_0060_0097_0083_0083.jpg 1 60 97 83 83
0055_0062_0078_0094_0094.jpg 1 62 78 94 94
0056_0048_0058_0072_0072.jpg 1 48 58 72 72
0057_0122_0019_0058_0058.jpg 1 122 19 58 58
0058_0083_0010_0106_0106.jpg 1 83 10 106 106
0059_0041_0098_0079_0079.jpg 1 41 98 79 79
0060_0053_0042_0130_0130.jpg 1 53 42 130 130
0061_0055_0074_0084_0084.jpg 1 55 74 84 84
0062_0055_0055_0073_0073.jpg 1 55 55 73 73
0063_0097_0095_0058_0058.jpg 1 97 95 58 58
0064_0014_0048_0099_0099.jpg 1 14 48 99 99
0065_0043_0043_0117_0117.jpg 1 43 43 117 117
0066_0049_0112_0062_0062.jpg 1 49 112 62 62
0067_0014_0064_0122_0122.jpg 1 14 64 122 122
0068_0019_0023_0079_0079.jpg 1 19 23 79 79
0069_0107_0099_0063_0063.jpg 1 107 99 63 63
0070_0018_0035_0138_0138.jpg 1 18 35 138 138
0071_0019_0039_0093_0093.jpg 1 19 39 93 93
0072_0099_0040_0088_0088.jpg 1 99 40 88 88
0073_0085_0031_0094_0094.jpg 1 85 31 94 94
0074_0028_0064_0103_0103.jpg 1 28 64 103 103
0075_0072_0075_0100_0100.jpg 1 72 75 100 100
0076_0022_0031_0134_0134.jpg 1 22 31 134 134
0077_0018_0070_0121_0121.jpg 1 18 70 121 121
0078_0039_0061_0127_0127.jpg 1 39 61 127 127
0079_0032_0041_0070_0070.jpg 1 32 41 70 70
0080_0044_0050_0069_0069.jpg 1 44 50 69 69
0081_0032_0036_0123_0123.jpg 1 32 36 123 123
0082_0127_0030_0056_0056.jpg 1 127 30 56 56
0083_0084_0067_0052_0052.jpg 1 84 67 52 52
0084_0014_0032_0083_0083.jpg 1 14 32 83 83
0085_0079_0081_0088_0088.jpg 1 79 81 88 88
0086_0016_0025_0137_0137.jpg 1 16 25 137 137
0087_0100_0055_0086_0086.jpg 1 100 55 86 86
0088_0039_0058_0112_0112.jpg 1 39 58 112 112
0089_0014_0019_0101_0101.jpg 1 14 19 101 101
0090_0086_0093_0073_0073.jpg 1 86 93 73 73
0091_0122_0039_0059_0059.jpg 1 122 39 59 59
0092_0018_0061_0090_0090.jpg 1 18 61 90 90
0093_0035_0006_0137_0137.jpg 1 35 6 137 137
0094_0062_0063_0109_0109.jpg 1 62 63 109 109
0095_0048_0041_0137_0137.jpg 1 48 41 137 137
0096_0053_0041_0109_0109.jpg 1 53 41 109 109
0097_0014_0062_0099_0099.jpg 1 14 62 99 99
0098_0075_0032_0110_0110.jpg 1 75 32 110 110
0099_0022_0026_0121_0121.jpg 1 22 26 121 121
0100_0012_0074_0103_0103.jpg 1 12 74 103 103
0101_0038_0046_0138_0138.jpg 1 38 46 138 138
0102_0056_0032_0136_0136.jpg 1 56 32 136 136
0103_0016_0103_0081_0081.jpg 1 16 103 81 81
0104_0061_0093_0064_0064.jpg 1 61 93 64 64
0105_0088_0048_0066_0066.jpg 1 88 48 66 66
0106_0025_0029_0125_0125.jpg 1 25 29 125 125
0107_0025_0027_0120_0120.jpg 1 25 27 120 120
0108_0096_0084_0092_0092.jpg 1 96 84 92 92
0109_0037_0009_0108_0108.jpg 1 37 9 108 108
0110_0021_0061_0073_0073.jpg 1 21 61 73 73
0111_0018_0044_0077_0077.jpg 1 18 44 77 77
0112_0029_0048_0074_0074.jpg 1 29 48 74 74
0113_0017_0018_0132_0132.jpg 1 17 18 132 132
0114_0057_0037_0097_0097.jpg 1 57 37 97 97
0115_0108_0081_0054_0054.jpg 1 108 81 54 54
0116_0044_0102_0066_0066.jpg 1 44 102 66 66
0117_0050_0034_0139_0139.jpg 1 50 34 139 139
0118_0028_0046_0132_0132.jpg 1 28 46 132 132
0119_0093_0082_0091_0091.jpg 1 93 82 91 91
0120_0018_0066_0119_0119.jpg 1 18 66 119 119
0121_0058_0038_0083_0083.jpg 1 58 38 83 83
0122_0029_0042_0125_0125.jpg 1 29 42 125 125
0123_0058_0030_0126_0126.jpg 1 58 30 126 126
0124_0033_0101_0075_0075.jpg 1 33 101 75 75
0125_0061_0029_0075_0075.jpg 1 61 29 75 75
0126_0015_0067_0111_0111.jpg 1 15 67 111 111
0127_0081_0012_0109_0109.jpg 1 81 12 109 109
0128_0059_0039_0123_0123.jpg 1 59 39 123 123
0129_0060_0035_0119_0119.jpg 1 60 35 119 119
0130_0028_0116_0059_0059.jpg 1 28 116 59 59
0131_0042_0067_0071_0071.jpg 1 42 67 71 71
0132_0034_0079_0061_0061.jpg 1 34 79 61 61
0133_0092_0034_0081_0081.jpg 1 92 34 81 81
0134_0016_0067_0090_0090.jpg 1 16 67 90 90
0135_0107_0105_0080_0080.jpg 1 107 105 80 80
0136_0105_0055_0074_0074.jpg 1 105 55 74 74
0137_0025_0017_0073_0073.jpg 1 25 17 73 73
0138_0088_0087_0066_0066.jpg 1 88 87 66 66
0139_0012_0075_0107_0107.jpg 1 12 75 107 107
0140_0030_0095_0091_0091.jpg 1 30 95 91 91
0141_0091_0106_0073_0073.jpg 1 91 106 73 73
0142_0057_0066_0110_0110.jpg 1 57 66 110 110
0143_0010_0007_0134_0134.jpg 1 10 7 134 134
0144_0038_0044_0135_0135.jpg 1 38 44 135 135
0145_0086_0023_0090_0090.jpg 1 86 23 90 90
0146_0095_0088_0068_0068.jpg 1 95 88 68 68
0147_0047_0088_0099_0099.jpg 1 47 88 99 99
0148_0074_0054_0105_0105.jpg 1 74 54 105 105
0149_0064_0077_0110_0110.jpg 1 64 77 110 110
0150_0026_0093_0083_0083.jpg 1 26 93 83 83
0151_0053_0045_0097_0097.jpg 1 53 45 97 97
0152_0057_0045_0134_0134.jpg 1 57 45 134 134
0153_0044_0010_0096_0096.jpg 1 44 10 96 96
0154_0022_0044_0077_0077.jpg 1 22 44 77 77
0155_0106_0061_0062_0062.jpg 1 106 61 62 62
0156_0023_0062_0120_0120.jpg 1 23 62 120 120
0157_0071_0046_0090_0090.jpg 1 71 46 90 90
0158_0035_0023_0120_0120.jpg 1 35 23 120 120
0159_0054_0019_0093_0093.jpg 1 54 19 93 93
0160_0017_0006_0133_0133.jpg 1 17 6 133 133
0161_0014_0090_0092_0092.jpg 1 14 90 92 92
0162_0050_0024_0137_0137.jpg 1 50 24 137 137
0163_0037_0016_0127_0127.jpg 1 37 16 127 127
0164_0064_0053_0111_0111.jpg 1 64 53 111 111
0165_0024_0014_0109_0109.jpg 1 24 14 109 109
0166_0065_0013_0117_0117.jpg 1 65 13 117 117
0167_0034_0058_0134_0134.jpg 1 34 58 134 134
0168_0034_0058_0081_0081.jpg 1 34 58 81 81
0169_0054_0014_0107_0107.jpg 1 54 14 107 107
0170_0012_0063_0098_0098.jpg 1 12 63 98 98
0171_0059_0015_0130_0130.jpg 1 59 15 130 130
0172_0121_0117_0049_0049.jpg 1 121 117 49 49
0173_0060_0034_0058_0058.jpg 1 60 34 58 58
0174_0017_0052_0084_0084.jpg 1 17 52 84 84
0175_0050_0044_0051_0051.jpg 1 50 44 51 51
0176_0034_0008_0131_0131.jpg 1 34 8 131 131
0177_0045_0034_0133_0133.jpg 1 45 34 133 133
0178_0046_0101_0083_0083.jpg 1 46 101 83 83
0179_0084_0096_0069_0069.jpg 1 84 96 69 69
0180_0037_0101_0054_0054.jpg 1 37 101 54 54
0181_0087_0077_0053_0053.jpg 1 87 77 53 53
0182_0048_0037_0127_0127.jpg 1 48 37 127 127
0183_0050_0023_0061_0061.jpg 1 50 23 61 61
0184_0043_0073_0112_0112.jpg 1 43 73 112 112
0185_0088_0025_0098_0098.jpg 1 88 25 98 98
0186_0020_0051_0110_0110.jpg 1 20 51 110 110
0187_0028_0075_0054_0054.jpg 1 28 75 54 54
0188_0113_0026_0068_0068.jpg 1 113 26 68 68
0189_0059_0108_0072_0072.jpg 1 59 108 72 72
0190_0131_0038_0054_0054.jpg 1 131 38 54 54
0191_0016_0080_0092_0092.jpg 1 16 80 92 92
0192_0061_0045_0093_0093.jpg 1 61 45 93 93
0193_0023_0053_0112_0112.jpg 1 23 53 112 112
0194_0072_0062_0061_0061.jpg 1 72 62 61 61
0195_0055_0026_0075_0075.jpg 1 55 26 75 75
0196_0028_0017_0133_0133.jpg 1 28 17 133 133
0197_0053_0048_0074_0074.jpg 1 53 48 74 74
0198_0100_0054_0087_0087.jpg 1 100 54 87 87
0199_0073_0069_0110_0110.jpg 1 73 69 110 110
0200_0055_0051_0121_0121.jpg 1 55 51 121 121
0201_0042_0032_0137_0137.jpg 1 42 32 137 137
0202_0023_0026_0125_0125.jpg 1 23 26 125 125
0203_0060_0048_0100_0100.jpg 1 60 48 100 100
0204_0064_0067_0114_0114.jpg 1 64 67 114 114
0205_0055_0040_0106_0106.jpg 1 55 40 106 106
0206_0030_0065_0052_0052.jpg 1 30 65 52 52
0207_0091_0014_0080_0080.jpg 1 91 14 80 80
0208_0031_0032_0111_0111.jpg 1 31 32 111 111
0209_0058_0050_0088_0088.jpg 1 58 50 88 88
0210_0086_0092_0059_0059.jpg 1 86 92 59 59
0211_0132_0109_0051_0051.jpg 1 132 109 51 51
0212_0063_0050_0057_0057.jpg 1 63 50 57 57
0213_0042_0019_0114_0114.jpg 1 42 19 114 114
0214_0098_0015_0061_0061.jpg 1 98 15 61 61
0215_0081_0033_0081_0081.jpg 1 81 33 81 81
0216_0060_0091_0093_0093.jpg 1 60 91 93 93
0217_0039_0080_0110_0110.jpg 1 39 80 110 110
0218_0099_0089_0086_0086.jpg 1 99 89 86 86
0219_0121_0046_0062_0062.jpg 1 121 46 62 62
0220_0124_0113_0058_0058.jpg 1 124 113 58 58
0221_0032_0039_0099_0099.jpg 1 32 39 99 99
0222_0056_0041_0117_0117.jpg 1 56 41 117 117
0223_0035_0059_0122_0122.jpg 1 35 59 122 122
0224_0026_0036_0130_0130.jpg 1 26 36 130 130
0225_0102_0082_0082_0082.jpg 1 102 82 82 82
0226_0066_0025_0058_0058.jpg 1 66 25 58 58
0227_0066_0076_0113_0113.jpg 1 66 76 113 113
0228_0020_0074_0115_0115.jpg 1 20 74 115 115
0229_0089_0018_0097_0097.jpg 1 89 18 97 97
0230_0021_0048_0102_0102.jpg 1 21 48 102 102
0231_0060_0033_0128_0128.jpg 1 60 33 128 128
0232_0009_0035_0125_0125.jpg 1 9 35 125 125
0233_0040_0062_0122_0122.jpg 1 40 62 122 122
0234_0039_0012_0110_0110.jpg 1 39 12 110 110
0235_0094_0065_0095_0095.jpg 1 94 65 95 95
0236_0038_0041_0122_0122.jpg 1 38 41 122 122
0237_0045_0018_0108_0108.jpg 1 45 18 108 108
0238_0015_0017_0115_0115.jpg 1 15 17 115 115
0239_0106_0068_0079_0079.jpg 1 106 68 79 79
0240_0056_0007_0127_0127.jpg 1 56 7 127 127
0241_0037_0108_0068_0068.jpg 1 37 108 68 68
0242_0068_0021_0063_0063.jpg 1 68 21 63 63
0243_0049_0039_0094_0094.jpg 1 49 39 94 94
0244_0023_0045_0075_0075.jpg 1 23 45 75 75
0245_0041_0029_0107_0107.jpg 1 41 29 107 107
0246_0022_0130_0049_0049.jpg 1 22 130 49 49
0247_0070_0045_0051_0051.jpg 1 70 45 51 51
0248_0129_0106_0055_0055.jpg 1 129 106 55 55
0249_0118_0028_0065_0065.jpg 1 118 28 65 65
0250_0035_0088_0077_0077.jpg 1 35 88 77 77
0251_0029_0010_0117_0117.jpg 1 29 10 117 117
0252_0123_0121_0053_0053.jpg 1 123 121 53 53
0253_0107_0105_0076_0076.jpg 1 107 105 76 76
0254_0033_0021_0117_0117.jpg 1 33 21 117 117
0255_0043_0050_0138_0138.jpg 1 43 50 138 138
0256_0020_0035_0067_0067.jpg 1 20 35 67 67
0257_0086_0075_0099_0099.jpg 1 86 75 99 99
0258_0016_0048_0074_0074.jpg 1 16 48 74 74
0259_0095_0114_0065_0065.jpg 1 95 114 65 65
0260_0063_0042_0068_0068.jpg 1 63 42 68 68
0261_0040_0028_0138_0138.jpg 1 40 28 138 138
0262_0020_0025_0109_0109.jpg 1 20 25 109 109
0263_0044_0048_0060_0060.jpg 1 44 48 60 60
0264_0060_0010_0126_0126.jpg 1 60 10 126 126
0265_0024_0011_0124_0124.jpg 1 24 11 124 124
0266_0077_0063_0081_0081.jpg 1 77 63 81 81
0267_0008_0017_0139_0139.jpg 1 8 17 139 139
0268_0032_0033_0130_0130.jpg 1 32 33 130 130
0269_0055_0100_0086_0086.jpg 1 55 100 86 86
0270_0075_0043_0103_0103.jpg 1 75 43 103 103
0271_0049_0041_0136_0136.jpg 1 49 41 136 136
0272_0025_0007_0127_0127.jpg 1 25 7 127 127
0273_0088_0084_0059_0059.jpg 1 88 84 59 59
0274_0017_0045_0118_0118.jpg 1 17 45 118 118
0275_0016_0036_0052_0052.jpg 1 16 36 52 52
0276_0118_0014_0068_0068.jpg 1 118 14 68 68
0277_0030_0039_0080_0080.jpg 1 30 39 80 80
0278_0034_0048_0114_0114.jpg 1 34 48 114 114
0279_0013_0057_0128_0128.jpg 1 13 57 128 128
0280_0065_0029_0053_0053.jpg 1 65 29 53 53
0281_0051_0019_0133_0133.jpg 1 51 19 133 133
0282_0045_0052_0063_0063.jpg 1 45 52 63 63
0283_0025_0013_0138_0138.jpg 1 25 13 138 138
0284_0049_0060_0132_0132.jpg 1 49 60 132 132
0285_0076_0097_0049_0049.jpg 1 76 97 49 49
0286_0011_0023_0130_0130.jpg 1 11 23 130 130
0287_0043_0027_0139_0139.jpg 1 43 27 139 139
0288_0076_0063_0069_0069.jpg 1 76 63 69 69
0289_0028_0020_0069_0069.jpg 1 28 20 69 69
0290_0039_0049_0123_0123.jpg 1 39 49 123 123
0291_0045_0016_0071_0071.jpg 1 45 16 71 71
0292_0071_0049_0100_0100.jpg 1 71 49 100 100
0293_0079_0025_0088_0088.jpg 1 79 25 88 88
0294_0072_0027_0092_0092.jpg 1 72 27 92 92
0295_0044_0087_0072_0072.jpg 1 44 87 72 72
0296_0024_0018_0058_0058.jpg 1 24 18 58 58
0297_0041_0060_0112_0112.jpg 1 41 60 112 112
0298_0022_0065_0118_0118.jpg 1 22 65 118 118
0299_0033_0086_0062_0062.jpg 1 33 86 62 62
0300_0068_0063_0087_0087.jpg 1 68 63 87 87
