0001_0069_0044_0067_0067.jpg 1 69 44 67 67
0002_0080_0077_0100_0100.jpg 1 80 77 100 100
0003_0070_0038_0075_0075.jpg 1 70 38 75 75
0004_0081_0039_0072_0072.jpg 1 81 39 72 72
0005_0043_0079_0069_0069.jpg 1 43 79 69 69
0006_0073_0072_0086_0086.jpg 1 73 72 86 86
0007_0043_0046_0123_0123.jpg 1 43 46 123 123
0008_0035_0057_0127_0127.jpg 1 35 57 127 127
0009_0087_0077_0096_0096.jpg 1 87 77 96 96
0010_0077_0061_0097_0097.jpg 1 77 61 97 97
0011_0064_0033_0064_0064.jpg 1 64 33 64 64
0012_0027_0055_0130_0130.jpg 1 27 55 130 130
0013_0033_0057_0124_0124.jpg 1 33 57 124 124
0014_0068_0011_0115_0115.jpg 1 68 11 115 115
0015_0103_0104_0078_0078.jpg 1 103 104 78 78
0016_0008_0048_0126_0126.jpg 1 8 48 126 126
0017_0035_0064_0126_0126.jpg 1 35 64 126 126
0018_0035_0035_0132_0132.jpg 1 35 35 132 132
0019_0052_0067_0109_0109.jpg 1 52 67 109 109
0020_0046_0029_0060_0060.jpg 1 46 29 60 60
0021_0017_0090_0097_0097.jpg 1 17 90 97 97
0022_0012_0036_0095_0095.jpg 1 12 36 95 95
0023_0079_0013_0108_0108.jpg 1 79 13 108 108
0024_0034_0016_0110_0110.jpg 1 34 16 110 110
0025_0040_0029_0116_0116.jpg 1 40 29 116 116
0026_0047_0039_0062_0062.jpg 1 47 39 62 62
0027_0068_0063_0085_0085.jpg 1 68 63 85 85
0028_0037_0026_0134_0134.jpg 1 37 26 134 134
0029_0018_0077_0058_0058.jpg 1 18 77 58 58
0030_0079_0108_0067_0067.jpg 1 79 108 67 67
0031_0022_0012_0085_0085.jpg 1 22 12 85 85
0032_0058_0026_0083_0083.jpg 1 58 26 83 83
0033_0058_0057_0061_0061.jpg 1 58 57 61 61
0034_0121_0017_0065_0065.jpg 1 121 17 65 65
0035_0120_0049_0054_0054.jpg 1 120 49 54 54
0036_0015_0086_0102_0102.jpg 1 15 86 102 102
0037_0104_0073_0067_0067.jpg 1 104 73 67 67
0038_0100_0037_0087_0087.jpg 1 100 37 87 87
0039_0059_0099_0076_0076.jpg 1 59 99 76 76
0040_0083_0075_0107_0107.jpg 1 83 75 107 107
0041_0017_0050_0102_0102.jpg 1 17 50 102 102
0042_0054_0024_0123_0123.jpg 1 54 24 123 123
0043_0081_0081_0073_0073.jpg 1 81 81 73 73
0044_0052_0044_0138_0138.jpg 1 52 44 138 138
0045_0009_0023_0137_0137.jpg 1 9 23 137 137
0046_0095_0038_0090_0090.jpg 1 95 38 90 90
0047_0030_0099_0089_0089.jpg 1 30 99 89 89
0048_0037_0012_0132_0132.jpg 1 37 12 132 132
0049_0100_0015_0082_0082.jpg 1 100 15 82 82
0050_0077_0035_0081_0081.jpg 1 77 35 81 81
0051_0027_0055_0124_0124.jpg 1 27 55 124 124
0052_0041_0036_0118_0118.jpg 1 41 36 118 118
0053_0060_0064_0051_0051.jpg 1 60 64 51 51
0054_0026_0109_0072_0072.jpg 1 26 109 72 72
0055_0015_0059_0081_0081.jpg 1 15 59 81 81
0056_0045_0090_0080_0080.jpg 1 45 90 80 80
0057_0068_0064_0067_0067.jpg 1 68 64 67 67
0058_0088_0071_0067_0067.jpg 1 88 71 67 67
0059_0019_0068_0048_0048.jpg 1 19 68 48 48
0060_0062_0023_0108_0108.jpg 1 62 23 108 108
0061_0035_0065_0092_0092.jpg 1 35 65 92 92
0062_0053_0084_0088_0088.jpg 1 53 84 88 88
0063_0021_0045_0107_0107.jpg 1 21 45 107 107
0064_0029_0045_0138_0138.jpg 1 29 45 138 138
0065_0039_0048_0071_0071.jpg 1 39 48 71 71
0066_0067_0043_0065_0065.jpg 1 67 43 65 65
0067_0055_0037_0134_0134.jpg 1 55 37 134 134
0068_0057_0031_0131_0131.jpg 1 57 31 131 131
0069_0069_0016_0107_0107.jpg 1 69 16 107 107
0070_0118_0115_0055_0055.jpg 1 118 115 55 55
0071_0024_0084_0088_0088.jpg 1 24 84 88 88
0072_0022_0039_0068_0068.jpg 1 22 39 68 68
0073_0091_0025_0080_0080.jpg 1 91 25 80 80
0074_0051_0102_0071_0071.jpg 1 51 102 71 71
0075_0060_0044_0109_0109.jpg 1 60 44 109 109
0076_0070_0029_0064_0064.jpg 1 70 29 64 64
0077_0034_0070_0113_0113.jpg 1 34 70 113 113
0078_0069_0076_0110_0110.jpg 1 69 76 110 110
0079_0089_0043_0099_0099.jpg 1 89 43 99 99
0080_0025_0087_0088_0088.jpg 1 25 87 88 88
0081_0052_0019_0048_0048.jpg 1 52 19 48 48
0082_0058_0032_0119_0119.jpg 1 58 32 119 119
0083_0045_0066_0056_0056.jpg 1 45 66 56 56
0084_0010_0045_0107_0107.jpg 1 10 45 107 107
0085_0056_0048_0128_0128.jpg 1 56 48 128 128
0086_0028_0049_0082_0082.jpg 1 28 49 82 82
0087_0019_0112_0056_0056.jpg 1 19 112 56 56
0088_0028_0035_0135_0135.jpg 1 28 35 135 135
0089_0019_0037_0057_0057.jpg 1 19 37 57 57
0090_0068_0026_0107_0107.jpg 1 68 26 107 107
0091_0106_0042_0072_0072.jpg 1 106 42 72 72
0092_0076_0060_0111_0111.jpg 1 76 60 111 111
0093_0045_0068_0062_0062.jpg 1 45 68 62 62
0094_0051_0049_0137_0137.jpg 1 51 49 137 137
0095_0034_0035_0078_0078.jpg 1 34 35 78 78
0096_0087_0047_0095_0095.jpg 1 87 47 95 95
0097_0020_0104_0056_0056.jpg 1 20 104 56 56
0098_0038_0069_0071_0071.jpg 1 38 69 71 71
0099_0056_0076_0062_0062.jpg 1 56 76 62 62
0100_0067_0065_0108_0108.jpg 1 67 65 108 108
0101_0075_0060_0105_0105.jpg 1 75 60 105 105
0102_0027_0051_0122_0122.jpg 1 27 51 122 122
0103_0120_0103_0060_0060.jpg 1 120 103 60 60
0104_0080_0053_0048_0048.jpg 1 80 53 48 48
0105_0079_0088_0092_0092.jpg 1 79 88 92 92
0106_0049_0092_0081_0081.jpg 1 49 92 81 81
0107_0031_0070_0099_0099.jpg 1 31 70 99 99
0108_0034_0030_0123_0123.jpg 1 34 30 123 123
0109_0044_0027_0054_0054.jpg 1 44 27 54 54
0110_0066_0029_0097_0097.jpg 1 66 29 97 97
0111_0038_0053_0092_0092.jpg 1 38 53 92 92
0112_0071_0059_0056_0056.jpg 1 71 59 56 56
0113_0107_0093_0049_0049.jpg 1 107 93 49 49
0114_0121_0044_0051_0051.jpg 1 121 44 51 51
0115_0052_0028_0105_0105.jpg 1 52 28 105 105
0116_0075_0088_0099_0099.jpg 1 75 88 99 99
0117_0044_0091_0060_0060.jpg 1 44 91 60 60
0118_0039_0021_0084_0084.jpg 1 39 21 84 84
0119_0022_0037_0065_0065.jpg 1 22 37 65 65
0120_0105_0100_0064_0064.jpg 1 105 100 64 64
0121_0117_0049_0066_0066.jpg 1 117 49 66 66
0122_0026_0012_0123_0123.jpg 1 26 12 123 123
0123_0051_0033_0082_0082.jpg 1 51 33 82 82
0124_0010_0041_0105_0105.jpg 1 10 41 105 105
0125_0080_0024_0075_0075.jpg 1 80 24 75 75
0126_0088_0032_0074_0074.jpg 1 88 32 74 74
0127_0073_0058_0108_0108.jpg 1 73 58 108 108
0128_0066_0036_0097_0097.jpg 1 66 36 97 97
0129_0111_0042_0067_0067.jpg 1 111 42 67 67
0130_0012_0035_0118_0118.jpg 1 12 35 118 118
0131_0021_0121_0057_0057.jpg 1 21 121 57 57
0132_0047_0056_0087_0087.jpg 1 47 56 87 87
0133_0059_0034_0115_0115.jpg 1 59 34 115 115
0134_0091_0027_0097_0097.jpg 1 91 27 97 97
0135_0057_0079_0068_0068.jpg 1 57 79 68 68
0136_0044_0063_0103_0103.jpg 1 44 63 103 103
0137_0018_0107_0049_0049.jpg 1 18 107 49 49
0138_0078_0050_0052_0052.jpg 1 78 50 52 52
0139_0048_0084_0061_0061.jpg 1 48 84 61 61
0140_0031_0120_0065_0065.jpg 1 31 120 65 65
0141_0008_0023_0129_0129.jpg 1 8 23 129 129
0142_0069_0062_0119_0119.jpg 1 69 62 119 119
0143_0098_0031_0083_0083.jpg 1 98 31 83 83
0144_0050_0067_0109_0109.jpg 1 50 67 109 109
0145_0057_0078_0095_0095.jpg 1 57 78 95 95
0146_0075_0009_0112_0112.jpg 1 75 9 112 112
0147_0057_0117_0049_0049.jpg 1 57 117 49 49
0148_0045_0024_0064_0064.jpg 1 45 24 64 64
0149_0031_0054_0125_0125.jpg 1 31 54 125 125
0150_0011_0054_0088_0088.jpg 1 11 54 88 88
0151_0022_0008_0119_0119.jpg 1 22 8 119 119
0152_0030_0039_0061_0061.jpg 1 30 39 61 61
0153_0048_0078_0071_0071.jpg 1 48 78 71 71
0154_0117_0035_0059_0059.jpg 1 117 35 59 59
0155_0061_0052_0126_0126.jpg 1 61 52 126 126
0156_0078_0056_0071_0071.jpg 1 78 56 71 71
0157_0040_0019_0105_0105.jpg 1 40 19 105 105
0158_0060_0033_0081_0081.jpg 1 60 33 81 81
0159_0031_0039_0129_0129.jpg 1 31 39 129 129
0160_0024_0042_0119_0119.jpg 1 24 42 119 119
0161_0023_0074_0075_0075.jpg 1 23 74 75 75
0162_0037_0025_0123_0123.jpg 1 37 25 123 123
0163_0074_0013_0073_0073.jpg 1 74 13 73 73
0164_0034_0048_0115_0115.jpg 1 34 48 115 115
0165_0055_0046_0091_0091.jpg 1 55 46 91 91
0166_0114_0071_0049_0049.jpg 1 114 71 49 49
0167_0020_0019_0128_0128.jpg 1 20 19 128 128
0168_0058_0049_0126_0126.jpg 1 58 49 126 126
0169_0017_0025_0100_0100.jpg 1 17 25 100 100
0170_0011_0016_0122_0122.jpg 1 11 16 122 122
0171_0078_0057_0093_0093.jpg 1 78 57 93 93
0172_0022_0033_0135_0135.jpg 1 22 33 135 135
0173_0089_0075_0072_0072.jpg 1 89 75 72 72
0174_0014_0023_0103_0103.jpg 1 14 23 103 103
0175_0095_0091_0079_0079.jpg 1 95 91 79 79
0176_0013_0025_0132_0132.jpg 1 13 25 132 132
0177_0047_0044_0069_0069.jpg 1 47 44 69 69
0178_0033_0006_0134_0134.jpg 1 33 6 134 134
0179_0059_0054_0121_0121.jpg 1 59 54 121 121
0180_0101_0081_0082_0082.jpg 1 101 81 82 82
0181_0108_0111_0073_0073.jpg 1 108 111 73 73
0182_0012_0065_0079_0079.jpg 1 12 65 79 79
0183_0067_0015_0100_0100.jpg 1 67 15 100 100
0184_0070_0102_0055_0055.jpg 1 70 102 55 55
0185_0059_0044_0087_0087.jpg 1 59 44 87 87
0186_0073_0030_0103_0103.jpg 1 73 30 103 103
0187_0053_0100_0075_0075.jpg 1 53 100 75 75
0188_0073_0089_0072_0072.jpg 1 73 89 72 72
0189_0098_0029_0058_0058.jpg 1 98 29 58 58
0190_0022_0071_0105_0105.jpg 1 22 71 105 105
0191_0069_0096_0081_0081.jpg 1 69 96 81 81
0192_0067_0020_0049_0049.jpg 1 67 20 49 49
0193_0080_0030_0106_0106.jpg 1 80 30 106 106
0194_0071_0033_0094_0094.jpg 1 71 33 94 94
0195_0076_0060_0056_0056.jpg 1 76 60 56 56
0196_0059_0031_0061_0061.jpg 1 59 31 61 61
0197_0019_0034_0057_0057.jpg 1 19 34 57 57
0198_0049_0106_0077_0077.jpg 1 49 106 77 77
0199_0049_0027_0109_0109.jpg 1 49 27 109 109
0200_0106_0012_0081_0081.jpg 1 106 12 81 81
0201_0032_0013_0122_0122.jpg 1 32 13 122 122
0202_0092_0020_0093_0093.jpg 1 92 20 93 93
0203_0050_0092_0087_0087.jpg 1 50 92 87 87
0204_0068_0109_0076_0076.jpg 1 68 109 76 76
0205_0006_0024_0136_0136.jpg 1 6 24 136 136
0206_0039_0062_0100_0100.jpg 1 39 62 100 100
0207_0045_0038_0056_0056.jpg 1 45 38 56 56
0208_0011_0063_0089_0089.jpg 1 11 63 89 89
0209_0032_0043_0048_0048.jpg 1 32 43 48 48
0210_0052_0081_0102_0102.jpg 1 52 81 102 102
0211_0045_0014_0137_0137.jpg 1 45 14 137 137
0212_0040_0066_0109_0109.jpg 1 40 66 109 109
0213_0052_0048_0060_0060.jpg 1 52 48 60 60
0214_0097_0024_0088_0088.jpg 1 97 24 88 88
0215_0051_0104_0081_0081.jpg 1 51 104 81 81
0216_0060_0045_0123_0123.jpg 1 60 45 123 123
0217_0090_0118_0063_0063.jpg 1 90 118 63 63
0218_0017_0049_0132_0132.jpg 1 17 49 132 132
0219_0064_0062_0127_0127.jpg 1 64 62 127 127
0220_0042_0010_0135_0135.jpg 1 42 10 135 135
0221_0109_0037_0057_0057.jpg 1 109 37 57 57
0222_0032_0025_0070_0070.jpg 1 32 25 70 70
0223_0022_0055_0094_0094.jpg 1 22 55 94 94
0224_0024_0006_0137_0137.jpg 1 24 6 137 137
0225_0108_0058_0055_0055.jpg 1 108 58 55 55
0226_0044_0026_0127_0127.jpg 1 44 26 127 127
0227_0065_0125_0055_0055.jpg 1 65 125 55 55
0228_0047_0093_0083_0083.jpg 1 47 93 83 83
0229_0035_0060_0129_0129.jpg 1 35 60 129 129
0230_0011_0055_0134_0134.jpg 1 11 55 134 134
0231_0048_0052_0070_0070.jpg 1 48 52 70 70
0232_0048_0016_0115_0115.jpg 1 48 16 115 115
0233_0032_0100_0072_0072.jpg 1 32 100 72 72
0234_0116_0092_0057_0057.jpg 1 116 92 57 57
0235_0043_0016_0123_0123.jpg 1 43 16 123 123
0236_0025_0058_0128_0128.jpg 1 25 58 128 128
0237_0084_0047_0083_0083.jpg 1 84 47 83 83
0238_0011_0051_0137_0137.jpg 1 11 51 137 137
0239_0073_0056_0092_0092.jpg 1 73 56 92 92
0240_0080_0034_0106_0106.jpg 1 80 34 106 106
0241_0020_0017_0117_0117.jpg 1 20 17 117 117
0242_0033_0038_0127_0127.jpg 1 33 38 127 127
0243_0022_0041_0133_0133.jpg 1 22 41 133 133
0244_0025_0075_0052_0052.jpg 1 25 75 52 52
0245_0050_0066_0069_0069.jpg 1 50 66 69 69
0246_0012_0028_0127_0127.jpg 1 12 28 127 127
0247_0110_0086_0073_0073.jpg 1 110 86 73 73
0248_0042_0039_0074_0074.jpg 1 42 39 74 74
0249_0053_0019_0060_0060.jpg 1 53 19 60 60
0250_0028_0052_0119_0119.jpg 1 28 52 119 119
0251_0032_0054_0076_0076.jpg 1 32 54 76 76
0252_0108_0079_0051_0051.jpg 1 108 79 51 51
0253_0039_0094_0077_0077.jpg 1 39 94 77 77
0254_0083_0088_0086_0086.jpg 1 83 88 86 86
0255_0036_0106_0066_0066.jpg 1 36 106 66 66
0256_0096_0050_0090_0090.jpg 1 96 50 90 90
