0001_0027_0061_0074_0074.jpg 1 27 61 74 74
0002_0011_0064_0086_0086.jpg 1 11 64 86 86
0003_0033_0013_0095_0095.jpg 1 33 13 95 95
0004_0048_0029_0063_0063.jpg 1 48 29 63 63
0005_0013_0066_0124_0124.jpg 1 13 66 124 124
0006_0054_0049_0098_0098.jpg 1 54 49 98 98
0007_0071_0044_0106_0106.jpg 1 71 44 106 106
0008_0061_0061_0106_0106.jpg 1 61 61 106 106
0009_0025_0054_0126_0126.jpg 1 25 54 126 126
0010_0101_0088_0056_0056.jpg 1 101 88 56 56
0011_0032_0072_0101_0101.jpg 1 32 72 101 101
0012_0067_0061_0072_0072.jpg 1 67 61 72 72
0013_0028_0056_0064_0064.jpg 1 28 56 64 64
0014_0115_0117_0069_0069.jpg 1 115 117 69 69
0015_0045_0029_0139_0139.jpg 1 45 29 139 139
0016_0091_0065_0091_0091.jpg 1 91 65 91 91
0017_0036_0043_0100_0100.jpg 1 36 43 100 100
0018_0108_0053_0077_0077.jpg 1 108 53 77 77
0019_0025_0037_0103_0103.jpg 1 25 37 103 103
0020_0019_0058_0097_0097.jpg 1 19 58 97 97
0021_0071_0083_0064_0064.jpg 1 71 83 64 64
0022_0065_0075_0058_0058.jpg 1 65 75 58 58
0023_0084_0099_0078_0078.jpg 1 84 99 78 78
0024_0017_0019_0127_0127.jpg 1 17 19 127 127
0025_0116_0071_0062_0062.jpg 1 116 71 62 62
0026_0074_0037_0102_0102.jpg 1 74 37 102 102
0027_0040_0120_0052_0052.jpg 1 40 120 52 52
0028_0028_0016_0134_0134.jpg 1 28 16 134 134
0029_0020_0071_0060_0060.jpg 1 20 71 60 60
0030_0052_0023_0118_0118.jpg 1 52 23 118 118
0031_0029_0051_0137_0137.jpg 1 29 51 137 137
0032_0110_0026_0064_0064.jpg 1 110 26 64 64
0033_0084_0075_0056_0056.jpg 1 84 75 56 56
0034_0033_0011_0139_0139.jpg 1 33 11 139 139
0035_0098_0018_0083_0083.jpg 1 98 18 83 83
0036_0022_0021_0136_0136.jpg 1 22 21 136 136
0037_0027_0051_0111_0111.jpg 1 27 51 111 111
0038_0029_0031_0083_0083.jpg 1 29 31 83 83
0039_0024_0026_0087_0087.jpg 1 24 26 87 87
0040_0077_0033_0106_0106.jpg 1 77 33 106 106
0041_0018_0049_0115_0115.jpg 1 18 49 115 115
0042_0036_0027_0121_0121.jpg 1 36 27 121 121
0043_0030_0031_0088_0088.jpg 1 30 31 88 88
0044_0055_0045_0064_0064.jpg 1 55 45 64 64
0045_0019_0031_0121_0121.jpg 1 19 31 121 121
0046_0082_0044_0076_0076.jpg 1 82 44 76 76
0047_0035_0047_0124_0124.jpg 1 35 47 124 124
0048_0066_0042_0123_0123.jpg 1 66 42 123 123
0049_0041_0094_0072_0072.jpg 1 41 94 72 72
0050_0009_0016_0112_0112.jpg 1 9 16 112 112
0051_0039_0056_0132_0132.jpg 1 39 56 132 132
0052_0029_0090_0060_0060.jpg 1 29 90 60 60
0053_0019_0016_0094_0094.jpg 1 19 16 94 94
0054_0051_0049_0057_0057.jpg 1 51 49 57 57
0055_0035_0097_0071_0071.jpg 1 35 97 71 71
0056_0052_0036_0071_0071.jpg 1 52 36 71 71
0057_0087_0031_0066_0066.jpg 1 87 31 66 66
0058_0034_0039_0127_0127.jpg 1 34 39 127 127
0059_0077_0011_0084_0084.jpg 1 77 11 84 84
0060_0014_0056_0123_0123.jpg 1 14 56 123 123
0061_0059_0100_0086_0086.jpg 1 59 100 86 86
0062_0017_0021_0112_0112.jpg 1 17 21 112 112
0063_0054_0021_0130_0130.jpg 1 54 21 130 130
0064_0094_0118_0059_0059.jpg 1 94 118 59 59
0065_0025_0056_0114_0114.jpg 1 25 56 114 114
0066_0038_0055_0111_0111.jpg 1 38 55 111 111
0067_0101_0056_0070_0070.jpg 1 101 56 70 70
0068_0070_0090_0051_0051.jpg 1 70 90 51 51
0069_0065_0063_0049_0049.jpg 1 65 63 49 49
0070_0026_0043_0049_0049.jpg 1 26 43 49 49
0071_0024_0049_0124_0124.jpg 1 24 49 124 124
0072_0075_0083_0088_0088.jpg 1 75 83 88 88
0073_0018_0032_0127_0127.jpg 1 18 32 127 127
0074_0047_0021_0051_0051.jpg 1 47 21 51 51
0075_0043_0029_0135_0135.jpg 1 43 29 135 135
0076_0030_0036_0125_0125.jpg 1 30 36 125 125
0077_0081_0079_0108_0108.jpg 1 81 79 108 108
0078_0118_0068_0049_0049.jpg 1 118 68 49 49
0079_0024_0100_0085_0085.jpg 1 24 100 85 85
0080_0102_0063_0078_0078.jpg 1 102 63 78 78
0081_0055_0059_0089_0089.jpg 1 55 59 89 89
0082_0121_0055_0062_0062.jpg 1 121 55 62 62
0083_0016_0011_0089_0089.jpg 1 16 11 89 89
0084_0075_0057_0093_0093.jpg 1 75 57 93 93
0085_0075_0029_0106_0106.jpg 1 75 29 106 106
0086_0105_0115_0054_0054.jpg 1 105 115 54 54
0087_0023_0023_0092_0092.jpg 1 23 23 92 92
0088_0017_0023_0111_0111.jpg 1 17 23 111 111
0089_0030_0011_0096_0096.jpg 1 30 11 96 96
0090_0061_0022_0098_0098.jpg 1 61 22 98 98
0091_0056_0032_0092_0092.jpg 1 56 32 92 92
0092_0030_0014_0134_0134.jpg 1 30 14 134 134
0093_0040_0043_0104_0104.jpg 1 40 43 104 104
0094_0042_0066_0079_0079.jpg 1 42 66 79 79
0095_0011_0078_0101_0101.jpg 1 11 78 101 101
0096_0101_0085_0081_0081.jpg 1 101 85 81 81
0097_0028_0040_0137_0137.jpg 1 28 40 137 137
0098_0047_0039_0107_0107.jpg 1 47 39 107 107
0099_0026_0107_0076_0076.jpg 1 26 107 76 76
0100_0058_0092_0079_0079.jpg 1 58 92 79 79
0101_0049_0019_0138_0138.jpg 1 49 19 138 138
0102_0034_0031_0135_0135.jpg 1 34 31 135 135
0103_0098_0071_0063_0063.jpg 1 98 71 63 63
0104_0058_0037_0111_0111.jpg 1 58 37 111 111
0105_0080_0041_0104_0104.jpg 1 80 41 104 104
0106_0051_0026_0102_0102.jpg 1 51 26 102 102
0107_0063_0021_0113_0113.jpg 1 63 21 113 113
0108_0034_0054_0049_0049.jpg 1 34 54 49 49
0109_0077_0037_0101_0101.jpg 1 77 37 101 101
0110_0058_0025_0127_0127.jpg 1 58 25 127 127
0111_0028_0023_0130_0130.jpg 1 28 23 130 130
0112_0046_0092_0059_0059.jpg 1 46 92 59 59
0113_0130_0116_0052_0052.jpg 1 130 116 52 52
0114_0038_0074_0052_0052.jpg 1 38 74 52 52
0115_0070_0113_0065_0065.jpg 1 70 113 65 65
0116_0067_0045_0082_0082.jpg 1 67 45 82 82
0117_0052_0044_0051_0051.jpg 1 52 44 51 51
0118_0097_0039_0088_0088.jpg 1 97 39 88 88
0119_0051_0059_0078_0078.jpg 1 51 59 78 78
0120_0096_0039_0075_0075.jpg 1 96 39 75 75
0121_0015_0089_0100_0100.jpg 1 15 89 100 100
0122_0054_0068_0093_0093.jpg 1 54 68 93 93
0123_0056_0126_0056_0056.jpg 1 56 126 56 56
0124_0017_0057_0052_0052.jpg 1 17 57 52 52
0125_0047_0034_0053_0053.jpg 1 47 34 53 53
0126_0059_0021_0127_0127.jpg 1 59 21 127 127
0127_0013_0017_0134_0134.jpg 1 13 17 134 134
0128_0027_0013_0128_0128.jpg 1 27 13 128 128
0129_0023_0043_0137_0137.jpg 1 23 43 137 137
0130_0017_0108_0058_0058.jpg 1 17 108 58 58
0131_0040_0024_0054_0054.jpg 1 40 24 54 54
0132_0019_0132_0053_0053.jpg 1 19 132 53 53
0133_0101_0088_0070_0070.jpg 1 101 88 70 70
0134_0021_0014_0066_0066.jpg 1 21 14 66 66
0135_0054_0023_0121_0121.jpg 1 54 23 121 121
0136_0074_0026_0102_0102.jpg 1 74 26 102 102
0137_0043_0050_0136_0136.jpg 1 43 50 136 136
0138_0043_0011_0132_0132.jpg 1 43 11 132 132
0139_0025_0092_0066_0066.jpg 1 25 92 66 66
0140_0115_0055_0058_0058.jpg 1 115 55 58 58
0141_0134_0091_0050_0050.jpg 1 134 91 50 50
0142_0058_0045_0108_0108.jpg 1 58 45 108 108
0143_0065_0034_0109_0109.jpg 1 65 34 109 109
0144_0011_0032_0130_0130.jpg 1 11 32 130 130
0145_0067_0107_0075_0075.jpg 1 67 107 75 75
0146_0029_0038_0078_0078.jpg 1 29 38 78 78
0147_0038_0020_0078_0078.jpg 1 38 20 78 78
0148_0066_0074_0066_0066.jpg 1 66 74 66 66
0149_0023_0014_0134_0134.jpg 1 23 14 134 134
0150_0127_0096_0054_0054.jpg 1 127 96 54 54
0151_0123_0123_0055_0055.jpg 1 123 123 55 55
0152_0042_0049_0132_0132.jpg 1 42 49 132 132
0153_0057_0082_0067_0067.jpg 1 57 82 67 67
0154_0050_0098_0058_0058.jpg 1 50 98 58 58
0155_0087_0028_0088_0088.jpg 1 87 28 88 88
0156_0061_0071_0089_0089.jpg 1 61 71 89 89
0157_0060_0068_0076_0076.jpg 1 60 68 76 76
0158_0006_0021_0138_0138.jpg 1 6 21 138 138
0159_0073_0017_0113_0113.jpg 1 73 17 113 113
0160_0029_0032_0115_0115.jpg 1 29 32 115 115
0161_0057_0082_0059_0059.jpg 1 57 82 59 59
0162_0082_0120_0049_0049.jpg 1 82 120 49 49
0163_0110_0108_0068_0068.jpg 1 110 108 68 68
0164_0082_0060_0102_0102.jpg 1 82 60 102 102
0165_0039_0067_0085_0085.jpg 1 39 67 85 85
0166_0067_0051_0102_0102.jpg 1 67 51 102 102
0167_0033_0022_0134_0134.jpg 1 33 22 134 134
0168_0069_0097_0081_0081.jpg 1 69 97 81 81
0169_0081_0084_0099_0099.jpg 1 81 84 99 99
0170_0064_0012_0117_0117.jpg 1 64 12 117 117
0171_0061_0030_0131_0131.jpg 1 61 30 131 131
0172_0016_0081_0109_0109.jpg 1 16 81 109 109
0173_0081_0080_0097_0097.jpg 1 81 80 97 97
0174_0024_0045_0086_0086.jpg 1 24 45 86 86
0175_0061_0103_0070_0070.jpg 1 61 103 70 70
0176_0062_0045_0116_0116.jpg 1 62 45 116 116
0177_0072_0037_0096_0096.jpg 1 72 37 96 96
0178_0053_0060_0122_0122.jpg 1 53 60 122 122
0179_0052_0033_0129_0129.jpg 1 52 33 129 129
0180_0036_0066_0059_0059.jpg 1 36 66 59 59
0181_0072_0033_0100_0100.jpg 1 72 33 100 100
0182_0061_0062_0093_0093.jpg 1 61 62 93 93
0183_0058_0062_0101_0101.jpg 1 58 62 101 101
0184_0093_0018_0066_0066.jpg 1 93 18 66 66
0185_0053_0041_0050_0050.jpg 1 53 41 50 50
0186_0060_0027_0065_0065.jpg 1 60 27 65 65
0187_0028_0029_0079_0079.jpg 1 28 29 79 79
0188_0071_0034_0103_0103.jpg 1 71 34 103 103
0189_0102_0067_0064_0064.jpg 1 102 67 64 64
0190_0027_0081_0081_0081.jpg 1 27 81 81 81
0191_0028_0052_0130_0130.jpg 1 28 52 130 130
0192_0089_0032_0068_0068.jpg 1 89 32 68 68
0193_0076_0076_0068_0068.jpg 1 76 76 68 68
0194_0016_0034_0118_0118.jpg 1 16 34 118 118
0195_0029_0010_0108_0108.jpg 1 29 10 108 108
0196_0097_0060_0058_0058.jpg 1 97 60 58 58
0197_0096_0071_0056_0056.jpg 1 96 71 56 56
0198_0020_0044_0124_0124.jpg 1 20 44 124 124
0199_0069_0109_0072_0072.jpg 1 69 109 72 72
0200_0022_0052_0117_0117.jpg 1 22 52 117 117
0201_0011_0023_0091_0091.jpg 1 11 23 91 91
0202_0047_0052_0132_0132.jpg 1 47 52 132 132
0203_0051_0018_0130_0130.jpg 1 51 18 130 130
0204_0017_0010_0117_0117.jpg 1 17 10 117 117
0205_0026_0044_0123_0123.jpg 1 26 44 123 123
0206_0066_0010_0104_0104.jpg 1 66 10 104 104
0207_0017_0044_0117_0117.jpg 1 17 44 117 117
0208_0057_0055_0118_0118.jpg 1 57 55 118 118
0209_0054_0043_0051_0051.jpg 1 54 43 51 51
0210_0080_0109_0064_0064.jpg 1 80 109 64 64
0211_0080_0083_0088_0088.jpg 1 80 83 88 88
0212_0067_0086_0069_0069.jpg 1 67 86 69 69
0213_0030_0054_0070_0070.jpg 1 30 54 70 70
0214_0059_0077_0068_0068.jpg 1 59 77 68 68
0215_0086_0046_0097_0097.jpg 1 86 46 97 97
0216_0032_0054_0124_0124.jpg 1 32 54 124 124
0217_0022_0042_0109_0109.jpg 1 22 42 109 109
0218_0056_0061_0119_0119.jpg 1 56 61 119 119
0219_0061_0047_0066_0066.jpg 1 61 47 66 66
0220_0069_0100_0063_0063.jpg 1 69 100 63 63
0221_0027_0041_0139_0139.jpg 1 27 41 139 139
0222_0050_0080_0096_0096.jpg 1 50 80 96 96
0223_0048_0009_0139_0139.jpg 1 48 9 139 139
0224_0053_0009_0124_0124.jpg 1 53 9 124 124
0225_0062_0105_0083_0083.jpg 1 62 105 83 83
0226_0050_0011_0115_0115.jpg 1 50 11 115 115
0227_0049_0102_0050_0050.jpg 1 49 102 50 50
0228_0038_0035_0125_0125.jpg 1 38 35 125 125
0229_0073_0067_0081_0081.jpg 1 73 67 81 81
0230_0032_0076_0052_0052.jpg 1 32 76 52 52
0231_0012_0055_0100_0100.jpg 1 12 55 100 100
0232_0026_0077_0092_0092.jpg 1 26 77 92 92
0233_0074_0022_0063_0063.jpg 1 74 22 63 63
0234_0052_0052_0049_0049.jpg 1 52 52 49 49
0235_0033_0067_0122_0122.jpg 1 33 67 122 122
0236_0037_0056_0104_0104.jpg 1 37 56 104 104
0237_0067_0020_0120_0120.jpg 1 67 20 120 120
0238_0044_0018_0092_0092.jpg 1 44 18 92 92
0239_0072_0069_0105_0105.jpg 1 72 69 105 105
0240_0030_0011_0138_0138.jpg 1 30 11 138 138
0241_0064_0049_0123_0123.jpg 1 64 49 123 123
0242_0111_0044_0053_0053.jpg 1 111 44 53 53
0243_0021_0072_0059_0059.jpg 1 21 72 59 59
0244_0045_0069_0113_0113.jpg 1 45 69 113 113
0245_0114_0063_0063_0063.jpg 1 114 63 63 63
0246_0048_0034_0080_0080.jpg 1 48 34 80 80
0247_0084_0047_0058_0058.jpg 1 84 47 58 58
0248_0041_0045_0134_0134.jpg 1 41 45 134 134
0249_0054_0103_0072_0072.jpg 1 54 103 72 72
0250_0058_0109_0057_0057.jpg 1 58 109 57 57
0251_0041_0025_0130_0130.jpg 1 41 25 130 130
0252_0039_0092_0077_0077.jpg 1 39 92 77 77
0253_0068_0070_0072_0072.jpg 1 68 70 72 72
0254_0088_0023_0088_0088.jpg 1 88 23 88 88
0255_0070_0027_0107_0107.jpg 1 70 27 107 107
0256_0056_0068_0108_0108.jpg 1 56 68 108 108
