0001_0091_0065_0094_0094.jpg 1 91 65 94 94
0002_0038_0060_0094_0094.jpg 1 38 60 94 94
0003_0016_0044_0075_0075.jpg 1 16 44 75 75
0004_0061_0082_0077_0077.jpg 1 61 82 77 77
0005_0044_0101_0083_0083.jpg 1 44 101 83 83
0006_0062_0067_0083_0083.jpg 1 62 67 83 83
0007_0025_0061_0098_0098.jpg 1 25 61 98 98
0008_0030_0016_0131_0131.jpg 1 30 16 131 131
0009_0024_0068_0077_0077.jpg 1 24 68 77 77
0010_0036_0008_0131_0131.jpg 1 36 8 131 131
0011_0070_0026_0072_0072.jpg 1 70 26 72 72
0012_0087_0028_0089_0089.jpg 1 87 28 89 89
0013_0130_0092_0049_0049.jpg 1 130 92 49 49
0014_0038_0043_0132_0132.jpg 1 38 43 132 132
0015_0016_0022_0085_0085.jpg 1 16 22 85 85
0016_0058_0054_0103_0103.jpg 1 58 54 103 103
0017_0051_0084_0088_0088.jpg 1 51 84 88 88
0018_0042_0018_0053_0053.jpg 1 42 18 53 53
0019_0059_0071_0108_0108.jpg 1 59 71 108 108
0020_0058_0032_0118_0118.jpg 1 58 32 118 118
0021_0038_0072_0058_0058.jpg 1 38 72 58 58
0022_0068_0051_0109_0109.jpg 1 68 51 109 109
0023_0013_0057_0119_0119.jpg 1 13 57 119 119
0024_0033_0009_0139_0139.jpg 1 33 9 139 139
0025_0052_0076_0114_0114.jpg 1 52 76 114 114
0026_0105_0053_0071_0071.jpg 1 105 53 71 71
0027_0078_0016_0104_0104.jpg 1 78 16 104 104
0028_0057_0029_0068_0068.jpg 1 57 29 68 68
0029_0079_0060_0104_0104.jpg 1 79 60 104 104
0030_0067_0039_0079_0079.jpg 1 67 39 79 79
0031_0023_0075_0092_0092.jpg 1 23 75 92 92
0032_0025_0043_0132_0132.jpg 1 25 43 132 132
0033_0034_0034_0058_0058.jpg 1 34 34 58 58
0034_0046_0096_0090_0090.jpg 1 46 96 90 90
0035_0037_0091_0051_0051.jpg 1 37 91 51 51
0036_0033_0025_0135_0135.jpg 1 33 25 135 135
0037_0121_0027_0056_0056.jpg 1 121 27 56 56
0038_0098_0077_0079_0079.jpg 1 98 77 79 79
0039_0038_0027_0118_0118.jpg 1 38 27 118 118
0040_0021_0048_0104_0104.jpg 1 21 48 104 104
0041_0102_0082_0071_0071.jpg 1 102 82 71 71
0042_0061_0017_0124_0124.jpg 1 61 17 124 124
0043_0097_0057_0075_0075.jpg 1 97 57 75 75
0044_0034_0055_0133_0133.jpg 1 34 55 133 133
0045_0066_0066_0086_0086.jpg 1 66 66 86 86
0046_0021_0064_0077_0077.jpg 1 21 64 77 77
0047_0029_0037_0121_0121.jpg 1 29 37 121 121
0048_0048_0049_0136_0136.jpg 1 48 49 136 136
0049_0018_0033_0075_0075.jpg 1 18 33 75 75
0050_0021_0030_0118_0118.jpg 1 21 30 118 118
0051_0012_0075_0109_0109.jpg 1 12 75 109 109
0052_0037_0025_0100_0100.jpg 1 37 25 100 100
0053_0093_0110_0076_0076.jpg 1 93 110 76 76
0054_0045_0041_0132_0132.jpg 1 45 41 132 132
0055_0078_0071_0075_0075.jpg 1 78 71 75 75
0056_0095_0092_0077_0077.jpg 1 95 92 77 77
0057_0060_0022_0069_0069.jpg 1 60 22 69 69
0058_0073_0029_0116_0116.jpg 1 73 29 116 116
0059_0048_0022_0109_0109.jpg 1 48 22 109 109
0060_0091_0111_0065_0065.jpg 1 91 111 65 65
0061_0060_0040_0064_0064.jpg 1 60 40 64 64
0062_0093_0086_0092_0092.jpg 1 93 86 92 92
0063_0048_0055_0131_0131.jpg 1 48 55 131 131
0064_0017_0036_0095_0095.jpg 1 17 36 95 95
0065_0040_0047_0080_0080.jpg 1 40 47 80 80
0066_0075_0108_0063_0063.jpg 1 75 108 63 63
0067_0069_0067_0122_0122.jpg 1 69 67 122 122
0068_0038_0048_0052_0052.jpg 1 38 48 52 52
0069_0010_0015_0130_0130.jpg 1 10 15 130 130
0070_0038_0044_0129_0129.jpg 1 38 44 129 129
0071_0030_0083_0052_0052.jpg 1 30 83 52 52
0072_0060_0010_0121_0121.jpg 1 60 10 121 121
0073_0034_0027_0112_0112.jpg 1 34 27 112 112
0074_0061_0022_0092_0092.jpg 1 61 22 92 92
0075_0072_0113_0069_0069.jpg 1 72 113 69 69
0076_0016_0064_0084_0084.jpg 1 16 64 84 84
0077_0029_0021_0127_0127.jpg 1 29 21 127 127
0078_0107_0024_0075_0075.jpg 1 107 24 75 75
0079_0084_0026_0078_0078.jpg 1 84 26 78 78
0080_0051_0057_0123_0123.jpg 1 51 57 123 123
0081_0091_0094_0075_0075.jpg 1 91 94 75 75
0082_0100_0061_0054_0054.jpg 1 100 61 54 54
0083_0068_0068_0121_0121.jpg 1 68 68 121 121
0084_0026_0064_0050_0050.jpg 1 26 64 50 50
0085_0040_0020_0048_0048.jpg 1 40 20 48 48
0086_0059_0053_0106_0106.jpg 1 59 53 106 106
0087_0057_0056_0089_0089.jpg 1 57 56 89 89
0088_0077_0028_0112_0112.jpg 1 77 28 112 112
0089_0084_0067_0100_0100.jpg 1 84 67 100 100
0090_0059_0045_0127_0127.jpg 1 59 45 127 127
0091_0057_0099_0076_0076.jpg 1 57 99 76 76
0092_0032_0016_0123_0123.jpg 1 32 16 123 123
0093_0032_0028_0123_0123.jpg 1 32 28 123 123
0094_0071_0036_0111_0111.jpg 1 71 36 111 111
0095_0021_0014_0100_0100.jpg 1 21 14 100 100
0096_0108_0098_0057_0057.jpg 1 108 98 57 57
0097_0025_0060_0062_0062.jpg 1 25 60 62 62
0098_0022_0038_0105_0105.jpg 1 22 38 105 105
0099_0018_0051_0074_0074.jpg 1 18 51 74 74
0100_0024_0070_0115_0115.jpg 1 24 70 115 115
0101_0054_0113_0048_0048.jpg 1 54 113 48 48
0102_0020_0023_0059_0059.jpg 1 20 23 59 59
0103_0012_0012_0120_0120.jpg 1 12 12 120 120
0104_0032_0063_0125_0125.jpg 1 32 63 125 125
0105_0033_0102_0054_0054.jpg 1 33 102 54 54
0106_0071_0037_0120_0120.jpg 1 71 37 120 120
0107_0064_0064_0081_0081.jpg 1 64 64 81 81
0108_0015_0011_0124_0124.jpg 1 15 11 124 124
0109_0041_0102_0065_0065.jpg 1 41 102 65 65
0110_0054_0040_0054_0054.jpg 1 54 40 54 54
0111_0035_0085_0088_0088.jpg 1 35 85 88 88
0112_0047_0064_0073_0073.jpg 1 47 64 73 73
0113_0048_0029_0065_0065.jpg 1 48 29 65 65
0114_0057_0059_0112_0112.jpg 1 57 59 112 112
0115_0076_0037_0099_0099.jpg 1 76 37 99 99
0116_0087_0093_0074_0074.jpg 1 87 93 74 74
0117_0025_0043_0115_0115.jpg 1 25 43 115 115
0118_0030_0022_0080_0080.jpg 1 30 22 80 80
0119_0072_0077_0097_0097.jpg 1 72 77 97 97
0120_0054_0100_0086_0086.jpg 1 54 100 86 86
0121_0062_0059_0087_0087.jpg 1 62 59 87 87
0122_0071_0044_0114_0114.jpg 1 71 44 114 114
0123_0040_0088_0089_0089.jpg 1 40 88 89 89
0124_0102_0099_0065_0065.jpg 1 102 99 65 65
0125_0099_0116_0067_0067.jpg 1 99 116 67 67
0126_0032_0080_0087_0087.jpg 1 32 80 87 87
0127_0087_0098_0069_0069.jpg 1 87 98 69 69
0128_0059_0054_0122_0122.jpg 1 59 54 122 122
0129_0045_0073_0102_0102.jpg 1 45 73 102 102
0130_0038_0012_0116_0116.jpg 1 38 12 116 116
0131_0055_0036_0132_0132.jpg 1 55 36 132 132
0132_0023_0097_0086_0086.jpg 1 23 97 86 86
0133_0020_0054_0133_0133.jpg 1 20 54 133 133
0134_0036_0021_0125_0125.jpg 1 36 21 125 125
0135_0057_0094_0066_0066.jpg 1 57 94 66 66
0136_0011_0020_0135_0135.jpg 1 11 20 135 135
0137_0047_0061_0071_0071.jpg 1 47 61 71 71
0138_0045_0029_0071_0071.jpg 1 45 29 71 71
0139_0038_0057_0095_0095.jpg 1 38 57 95 95
0140_0083_0032_0088_0088.jpg 1 83 32 88 88
0141_0037_0017_0129_0129.jpg 1 37 17 129 129
0142_0068_0062_0085_0085.jpg 1 68 62 85 85
0143_0064_0016_0120_0120.jpg 1 64 16 120 120
0144_0101_0018_0070_0070.jpg 1 101 18 70 70
0145_0035_0083_0105_0105.jpg 1 35 83 105 105
0146_0112_0046_0054_0054.jpg 1 112 46 54 54
0147_0031_0055_0072_0072.jpg 1 31 55 72 72
0148_0106_0119_0063_0063.jpg 1 106 119 63 63
0149_0030_0082_0083_0083.jpg 1 30 82 83 83
0150_0037_0036_0124_0124.jpg 1 37 36 124 124
0151_0015_0022_0105_0105.jpg 1 15 22 105 105
0152_0065_0089_0095_0095.jpg 1 65 89 95 95
0153_0035_0125_0049_0049.jpg 1 35 125 49 49
0154_0108_0045_0075_0075.jpg 1 108 45 75 75
0155_0018_0041_0131_0131.jpg 1 18 41 131 131
0156_0026_0084_0061_0061.jpg 1 26 84 61 61
0157_0020_0097_0078_0078.jpg 1 20 97 78 78
0158_0079_0037_0104_0104.jpg 1 79 37 104 104
0159_0019_0041_0092_0092.jpg 1 19 41 92 92
0160_0052_0053_0082_0082.jpg 1 52 53 82 82
0161_0031_0060_0086_0086.jpg 1 31 60 86 86
0162_0067_0045_0124_0124.jpg 1 67 45 124 124
0163_0025_0013_0131_0131.jpg 1 25 13 131 131
0164_0040_0048_0123_0123.jpg 1 40 48 123 123
0165_0055_0093_0072_0072.jpg 1 55 93 72 72
0166_0024_0036_0060_0060.jpg 1 24 36 60 60
0167_0090_0025_0097_0097.jpg 1 90 25 97 97
0168_0073_0026_0091_0091.jpg 1 73 26 91 91
0169_0075_0018_0074_0074.jpg 1 75 18 74 74
0170_0082_0027_0081_0081.jpg 1 82 27 81 81
0171_0043_0051_0120_0120.jpg 1 43 51 120 120
0172_0023_0026_0098_0098.jpg 1 23 26 98 98
0173_0048_0012_0136_0136.jpg 1 48 12 136 136
0174_0040_0020_0091_0091.jpg 1 40 20 91 91
0175_0070_0042_0115_0115.jpg 1 70 42 115 115
0176_0020_0095_0055_0055.jpg 1 20 95 55 55
0177_0048_0106_0075_0075.jpg 1 48 106 75 75
0178_0008_0012_0138_0138.jpg 1 8 12 138 138
0179_0029_0051_0123_0123.jpg 1 29 51 123 123
0180_0049_0041_0089_0089.jpg 1 49 41 89 89
0181_0023_0050_0133_0133.jpg 1 23 50 133 133
0182_0099_0054_0054_0054.jpg 1 99 54 54 54
0183_0108_0068_0074_0074.jpg 1 108 68 74 74
0184_0025_0099_0075_0075.jpg 1 25 99 75 75
0185_0010_0072_0116_0116.jpg 1 10 72 116 116
0186_0063_0036_0091_0091.jpg 1 63 36 91 91
0187_0040_0054_0110_0110.jpg 1 40 54 110 110
0188_0079_0015_0111_0111.jpg 1 79 15 111 111
0189_0075_0021_0093_0093.jpg 1 75 21 93 93
0190_0098_0123_0051_0051.jpg 1 98 123 51 51
0191_0073_0035_0107_0107.jpg 1 73 35 107 107
0192_0072_0104_0061_0061.jpg 1 72 104 61 61
0193_0032_0054_0075_0075.jpg 1 32 54 75 75
0194_0099_0018_0066_0066.jpg 1 99 18 66 66
0195_0014_0049_0110_0110.jpg 1 14 49 110 110
0196_0095_0090_0060_0060.jpg 1 95 90 60 60
0197_0038_0023_0138_0138.jpg 1 38 23 138 138
0198_0120_0029_0057_0057.jpg 1 120 29 57 57
0199_0039_0046_0132_0132.jpg 1 39 46 132 132
0200_0033_0016_0118_0118.jpg 1 33 16 118 118
0201_0064_0039_0102_0102.jpg 1 64 39 102 102
0202_0057_0034_0107_0107.jpg 1 57 34 107 107
0203_0053_0056_0066_0066.jpg 1 53 56 66 66
0204_0058_0021_0133_0133.jpg 1 58 21 133 133
0205_0026_0094_0058_0058.jpg 1 26 94 58 58
0206_0052_0038_0111_0111.jpg 1 52 38 111 111
0207_0034_0044_0110_0110.jpg 1 34 44 110 110
0208_0011_0060_0129_0129.jpg 1 11 60 129 129
0209_0059_0012_0108_0108.jpg 1 59 12 108 108
0210_0043_0046_0123_0123.jpg 1 43 46 123 123
0211_0029_0024_0121_0121.jpg 1 29 24 121 121
0212_0020_0069_0114_0114.jpg 1 20 69 114 114
0213_0018_0024_0129_0129.jpg 1 18 24 129 129
0214_0104_0112_0063_0063.jpg 1 104 112 63 63
0215_0028_0078_0077_0077.jpg 1 28 78 77 77
0216_0029_0016_0102_0102.jpg 1 29 16 102 102
0217_0052_0045_0137_0137.jpg 1 52 45 137 137
0218_0024_0027_0114_0114.jpg 1 24 27 114 114
0219_0093_0057_0079_0079.jpg 1 93 57 79 79
0220_0072_0031_0117_0117.jpg 1 72 31 117 117
0221_0057_0032_0085_0085.jpg 1 57 32 85 85
0222_0012_0066_0116_0116.jpg 1 12 66 116 116
0223_0074_0103_0064_0064.jpg 1 74 103 64 64
0224_0018_0059_0080_0080.jpg 1 18 59 80 80
0225_0045_0102_0057_0057.jpg 1 45 102 57 57
0226_0071_0019_0073_0073.jpg 1 71 19 73 73
0227_0079_0012_0106_0106.jpg 1 79 12 106 106
0228_0074_0019_0049_0049.jpg 1 74 19 49 49
0229_0017_0055_0117_0117.jpg 1 17 55 117 117
0230_0011_0040_0138_0138.jpg 1 11 40 138 138
0231_0024_0061_0125_0125.jpg 1 24 61 125 125
0232_0038_0044_0088_0088.jpg 1 38 44 88 88
0233_0032_0039_0095_0095.jpg 1 32 39 95 95
0234_0086_0089_0096_0096.jpg 1 86 89 96 96
0235_0023_0126_0050_0050.jpg 1 23 126 50 50
0236_0012_0067_0091_0091.jpg 1 12 67 91 91
0237_0076_0063_0105_0105.jpg 1 76 63 105 105
0238_0015_0056_0125_0125.jpg 1 15 56 125 125
0239_0126_0030_0051_0051.jpg 1 126 30 51 51
0240_0050_0052_0109_0109.jpg 1 50 52 109 109
0241_0043_0026_0136_0136.jpg 1 43 26 136 136
0242_0071_0063_0109_0109.jpg 1 71 63 109 109
0243_0016_0016_0125_0125.jpg 1 16 16 125 125
0244_0063_0063_0108_0108.jpg 1 63 63 108 108
0245_0024_0036_0105_0105.jpg 1 24 36 105 105
0246_0112_0103_0057_0057.jpg 1 112 103 57 57
0247_0072_0038_0097_0097.jpg 1 72 38 97 97
0248_0059_0069_0099_0099.jpg 1 59 69 99 99
0249_0112_0079_0069_0069.jpg 1 112 79 69 69
0250_0049_0095_0069_0069.jpg 1 49 95 69 69
0251_0096_0017_0070_0070.jpg 1 96 17 70 70
0252_0027_0025_0087_0087.jpg 1 27 25 87 87
0253_0006_0042_0138_0138.jpg 1 6 42 138 138
0254_0015_0055_0052_0052.jpg 1 15 55 52 52
0255_0049_0123_0051_0051.jpg 1 49 123 51 51
0256_0033_0077_0062_0062.jpg 1 33 77 62 62
