0001_0019_0041_0055_0055.jpg 1 19 41 55 55
0002_0016_0046_0127_0127.jpg 1 16 46 127 127
0003_0014_0046_0138_0138.jpg 1 14 46 138 138
0004_0070_0064_0086_0086.jpg 1 70 64 86 86
0005_0054_0090_0078_0078.jpg 1 54 90 78 78
0006_0079_0074_0105_0105.jpg 1 79 74 105 105
0007_0017_0067_0086_0086.jpg 1 17 67 86 86
0008_0018_0066_0081_0081.jpg 1 18 66 81 81
0009_0037_0017_0118_0118.jpg 1 37 17 118 118
0010_0052_0043_0058_0058.jpg 1 52 43 58 58
0011_0044_0054_0135_0135.jpg 1 44 54 135 135
0012_0120_0097_0058_0058.jpg 1 120 97 58 58
0013_0052_0044_0110_0110.jpg 1 52 44 110 110
0014_0050_0022_0052_0052.jpg 1 50 22 52 52
0015_0085_0042_0100_0100.jpg 1 85 42 100 100
0016_0027_0070_0106_0106.jpg 1 27 70 106 106
0017_0012_0029_0123_0123.jpg 1 12 29 123 123
0018_0024_0059_0095_0095.jpg 1 24 59 95 95
0019_0114_0095_0048_0048.jpg 1 114 95 48 48
0020_0022_0022_0120_0120.jpg 1 22 22 120 120
0021_0043_0059_0090_0090.jpg 1 43 59 90 90
0022_0012_0062_0114_0114.jpg 1 12 62 114 114
0023_0065_0013_0090_0090.jpg 1 65 13 90 90
0024_0107_0028_0056_0056.jpg 1 107 28 56 56
0025_0119_0037_0060_0060.jpg 1 119 37 60 60
0026_0056_0050_0110_0110.jpg 1 56 50 110 110
0027_0021_0055_0076_0076.jpg 1 21 55 76 76
0028_0088_0087_0101_0101.jpg 1 88 87 101 101
0029_0055_0009_0124_0124.jpg 1 55 9 124 124
0030_0082_0069_0051_0051.jpg 1 82 69 51 51
0031_0048_0052_0080_0080.jpg 1 48 52 80 80
0032_0058_0037_0123_0123.jpg 1 58 37 123 123
0033_0081_0057_0091_0091.jpg 1 81 57 91 91
0034_0061_0058_0081_0081.jpg 1 61 58 81 81
0035_0082_0074_0100_0100.jpg 1 82 74 100 100
0036_0036_0025_0119_0119.jpg 1 36 25 119 119
0037_0024_0028_0098_0098.jpg 1 24 28 98 98
0038_0030_0016_0088_0088.jpg 1 30 16 88 88
0039_0099_0030_0066_0066.jpg 1 99 30 66 66
0040_0018_0020_0129_0129.jpg 1 18 20 129 129
0041_0033_0045_0132_0132.jpg 1 33 45 132 132
0042_0119_0046_0064_0064.jpg 1 119 46 64 64
0043_0007_0013_0134_0134.jpg 1 7 13 134 134
0044_0069_0086_0102_0102.jpg 1 69 86 102 102
0045_0052_0060_0091_0091.jpg 1 52 60 91 91
0046_0071_0022_0103_0103.jpg 1 71 22 103 103
0047_0133_0042_0049_0049.jpg 1 133 42 49 49
0048_0068_0065_0082_0082.jpg 1 68 65 82 82
0049_0032_0011_0113_0113.jpg 1 32 11 113 113
0050_0018_0072_0081_0081.jpg 1 18 72 81 81
0051_0060_0117_0058_0058.jpg 1 60 117 58 58
0052_0095_0091_0061_0061.jpg 1 95 91 61 61
0053_0062_0023_0113_0113.jpg 1 62 23 113 113
0054_0014_0010_0102_0102.jpg 1 14 10 102 102
0055_0023_0057_0125_0125.jpg 1 23 57 125 125
0056_0013_0064_0113_0113.jpg 1 13 64 113 113
0057_0038_0084_0099_0099.jpg 1 38 84 99 99
0058_0078_0087_0051_0051.jpg 1 78 87 51 51
0059_0023_0036_0114_0114.jpg 1 23 36 114 114
0060_0058_0031_0079_0079.jpg 1 58 31 79 79
0061_0032_0024_0107_0107.jpg 1 32 24 107 107
0062_0033_0018_0139_0139.jpg 1 33 18 139 139
0063_0021_0069_0100_0100.jpg 1 21 69 100 100
0064_0061_0103_0068_0068.jpg 1 61 103 68 68
0065_0062_0041_0063_0063.jpg 1 62 41 63 63
0066_0102_0109_0074_0074.jpg 1 102 109 74 74
0067_0056_0058_0128_0128.jpg 1 56 58 128 128
0068_0073_0031_0105_0105.jpg 1 73 31 105 105
0069_0079_0089_0068_0068.jpg 1 79 89 68 68
0070_0021_0115_0056_0056.jpg 1 21 115 56 56
0071_0018_0007_0132_0132.jpg 1 18 7 132 132
0072_0109_0092_0066_0066.jpg 1 109 92 66 66
0073_0053_0033_0071_0071.jpg 1 53 33 71 71
0074_0038_0008_0131_0131.jpg 1 38 8 131 131
0075_0061_0074_0084_0084.jpg 1 61 74 84 84
0076_0071_0045_0094_0094.jpg 1 71 45 94 94
0077_0126_0100_0056_0056.jpg 1 126 100 56 56
0078_0116_0014_0070_0070.jpg 1 116 14 70 70
0079_0108_0075_0053_0053.jpg 1 108 75 53 53
0080_0047_0061_0104_0104.jpg 1 47 61 104 104
0081_0097_0065_0074_0074.jpg 1 97 65 74 74
0082_0041_0017_0122_0122.jpg 1 41 17 122 122
0083_0043_0034_0120_0120.jpg 1 43 34 120 120
0084_0047_0052_0134_0134.jpg 1 47 52 134 134
0085_0019_0034_0102_0102.jpg 1 19 34 102 102
0086_0044_0102_0076_0076.jpg 1 44 102 76 76
0087_0069_0044_0114_0114.jpg 1 69 44 114 114
0088_0083_0059_0089_0089.jpg 1 83 59 89 89
0089_0037_0037_0109_0109.jpg 1 37 37 109 109
0090_0027_0022_0103_0103.jpg 1 27 22 103 103
0091_0063_0030_0079_0079.jpg 1 63 30 79 79
0092_0094_0041_0058_0058.jpg 1 94 41 58 58
0093_0014_0060_0116_0116.jpg 1 14 60 116 116
0094_0043_0060_0125_0125.jpg 1 43 60 125 125
0095_0119_0094_0053_0053.jpg 1 119 94 53 53
0096_0031_0119_0051_0051.jpg 1 31 119 51 51
0097_0069_0030_0118_0118.jpg 1 69 30 118 118
0098_0096_0017_0074_0074.jpg 1 96 17 74 74
0099_0017_0013_0080_0080.jpg 1 17 13 80 80
0100_0028_0096_0079_0079.jpg 1 28 96 79 79
0101_0059_0029_0089_0089.jpg 1 59 29 89 89
0102_0094_0098_0086_0086.jpg 1 94 98 86 86
0103_0019_0010_0121_0121.jpg 1 19 10 121 121
0104_0048_0024_0053_0053.jpg 1 48 24 53 53
0105_0053_0060_0125_0125.jpg 1 53 60 125 125
0106_0034_0020_0069_0069.jpg 1 34 20 69 69
0107_0045_0015_0052_0052.jpg 1 45 15 52 52
0108_0062_0048_0104_0104.jpg 1 62 48 104 104
0109_0038_0107_0050_0050.jpg 1 38 107 50 50
0110_0033_0031_0130_0130.jpg 1 33 31 130 130
0111_0057_0019_0135_0135.jpg 1 57 19 135 135
0112_0053_0071_0059_0059.jpg 1 53 71 59 59
0113_0036_0008_0131_0131.jpg 1 36 8 131 131
0114_0111_0081_0049_0049.jpg 1 111 81 49 49
0115_0048_0078_0100_0100.jpg 1 48 78 100 100
0116_0065_0089_0063_0063.jpg 1 65 89 63 63
0117_0015_0098_0061_0061.jpg 1 15 98 61 61
0118_0078_0054_0094_0094.jpg 1 78 54 94 94
0119_0080_0045_0107_0107.jpg 1 80 45 107 107
0120_0038_0024_0115_0115.jpg 1 38 24 115 115
0121_0053_0069_0090_0090.jpg 1 53 69 90 90
0122_0023_0054_0121_0121.jpg 1 23 54 121 121
0123_0031_0026_0126_0126.jpg 1 31 26 126 126
0124_0083_0023_0100_0100.jpg 1 83 23 100 100
0125_0047_0008_0137_0137.jpg 1 47 8 137 137
0126_0037_0022_0135_0135.jpg 1 37 22 135 135
0127_0010_0035_0101_0101.jpg 1 10 35 101 101
0128_0057_0109_0048_0048.jpg 1 57 109 48 48
0129_0027_0059_0055_0055.jpg 1 27 59 55 55
0130_0022_0030_0137_0137.jpg 1 22 30 137 137
0131_0089_0123_0063_0063.jpg 1 89 123 63 63
0132_0016_0013_0117_0117.jpg 1 16 13 117 117
0133_0073_0053_0095_0095.jpg 1 73 53 95 95
0134_0060_0008_0114_0114.jpg 1 60 8 114 114
0135_0070_0016_0113_0113.jpg 1 70 16 113 113
0136_0054_0046_0108_0108.jpg 1 54 46 108 108
0137_0080_0089_0098_0098.jpg 1 80 89 98 98
0138_0027_0062_0118_0118.jpg 1 27 62 118 118
0139_0035_0065_0116_0116.jpg 1 35 65 116 116
0140_0089_0029_0051_0051.jpg 1 89 29 51 51
0141_0058_0094_0089_0089.jpg 1 58 94 89 89
0142_0037_0034_0133_0133.jpg 1 37 34 133 133
0143_0058_0045_0104_0104.jpg 1 58 45 104 104
0144_0073_0023_0114_0114.jpg 1 73 23 114 114
0145_0074_0067_0081_0081.jpg 1 74 67 81 81
0146_0052_0026_0117_0117.jpg 1 52 26 117 117
0147_0026_0008_0136_0136.jpg 1 26 8 136 136
0148_0018_0033_0139_0139.jpg 1 18 33 139 139
0149_0018_0083_0076_0076.jpg 1 18 83 76 76
0150_0054_0060_0124_0124.jpg 1 54 60 124 124
0151_0069_0093_0065_0065.jpg 1 69 93 65 65
0152_0060_0046_0087_0087.jpg 1 60 46 87 87
0153_0124_0120_0051_0051.jpg 1 124 120 51 51
0154_0055_0057_0134_0134.jpg 1 55 57 134 134
0155_0019_0069_0120_0120.jpg 1 19 69 120 120
0156_0046_0026_0100_0100.jpg 1 46 26 100 100
0157_0083_0027_0083_0083.jpg 1 83 27 83 83
0158_0032_0015_0104_0104.jpg 1 32 15 104 104
0159_0059_0038_0116_0116.jpg 1 59 38 116 116
0160_0055_0027_0137_0137.jpg 1 55 27 137 137
0161_0020_0049_0103_0103.jpg 1 20 49 103 103
0162_0038_0052_0068_0068.jpg 1 38 52 68 68
0163_0105_0076_0069_0069.jpg 1 105 76 69 69
0164_0036_0067_0104_0104.jpg 1 36 67 104 104
0165_0079_0070_0109_0109.jpg 1 79 70 109 109
0166_0041_0007_0137_0137.jpg 1 41 7 137 137
0167_0037_0063_0068_0068.jpg 1 37 63 68 68
0168_0046_0066_0093_0093.jpg 1 46 66 93 93
0169_0058_0099_0070_0070.jpg 1 58 99 70 70
0170_0026_0024_0065_0065.jpg 1 26 24 65 65
0171_0039_0027_0086_0086.jpg 1 39 27 86 86
0172_0050_0034_0139_0139.jpg 1 50 34 139 139
0173_0050_0013_0111_0111.jpg 1 50 13 111 111
0174_0073_0053_0070_0070.jpg 1 73 53 70 70
0175_0090_0025_0055_0055.jpg 1 90 25 55 55
0176_0048_0025_0137_0137.jpg 1 48 25 137 137
0177_0066_0024_0115_0115.jpg 1 66 24 115 115
0178_0024_0019_0134_0134.jpg 1 24 19 134 134
0179_0039_0064_0064_0064.jpg 1 39 64 64 64
0180_0086_0022_0101_0101.jpg 1 86 22 101 101
0181_0042_0069_0061_0061.jpg 1 42 69 61 61
0182_0097_0091_0057_0057.jpg 1 97 91 57 57
0183_0057_0049_0117_0117.jpg 1 57 49 117 117
0184_0075_0011_0095_0095.jpg 1 75 11 95 95
0185_0023_0049_0102_0102.jpg 1 23 49 102 102
0186_0051_0049_0126_0126.jpg 1 51 49 126 126
0187_0045_0045_0127_0127.jpg 1 45 45 127 127
0188_0064_0064_0093_0093.jpg 1 64 64 93 93
0189_0079_0086_0067_0067.jpg 1 79 86 67 67
0190_0042_0038_0065_0065.jpg 1 42 38 65 65
0191_0050_0098_0073_0073.jpg 1 50 98 73 73
0192_0040_0045_0113_0113.jpg 1 40 45 113 113
0193_0041_0061_0126_0126.jpg 1 41 61 126 126
0194_0053_0008_0138_0138.jpg 1 53 8 138 138
0195_0080_0083_0092_0092.jpg 1 80 83 92 92
0196_0037_0044_0135_0135.jpg 1 37 44 135 135
0197_0071_0049_0091_0091.jpg 1 71 49 91 91
0198_0026_0017_0077_0077.jpg 1 26 17 77 77
0199_0093_0093_0061_0061.jpg 1 93 93 61 61
0200_0043_0035_0134_0134.jpg 1 43 35 134 134
0201_0099_0086_0060_0060.jpg 1 99 86 60 60
0202_0071_0067_0052_0052.jpg 1 71 67 52 52
0203_0024_0042_0090_0090.jpg 1 24 42 90 90
0204_0082_0075_0060_0060.jpg 1 82 75 60 60
0205_0055_0077_0067_0067.jpg 1 55 77 67 67
0206_0050_0058_0080_0080.jpg 1 50 58 80 80
0207_0032_0092_0083_0083.jpg 1 32 92 83 83
0208_0103_0106_0076_0076.jpg 1 103 106 76 76
0209_0092_0053_0085_0085.jpg 1 92 53 85 85
0210_0038_0017_0125_0125.jpg 1 38 17 125 125
0211_0051_0021_0136_0136.jpg 1 51 21 136 136
0212_0043_0050_0089_0089.jpg 1 43 50 89 89
0213_0063_0018_0061_0061.jpg 1 63 18 61 61
0214_0078_0029_0089_0089.jpg 1 78 29 89 89
0215_0071_0103_0075_0075.jpg 1 71 103 75 75
0216_0019_0095_0056_0056.jpg 1 19 95 56 56
0217_0015_0015_0128_0128.jpg 1 15 15 128 128
0218_0102_0032_0085_0085.jpg 1 102 32 85 85
0219_0094_0062_0085_0085.jpg 1 94 62 85 85
0220_0020_0023_0114_0114.jpg 1 20 23 114 114
0221_0022_0089_0074_0074.jpg 1 22 89 74 74
0222_0024_0045_0096_0096.jpg 1 24 45 96 96
0223_0050_0040_0135_0135.jpg 1 50 40 135 135
0224_0079_0020_0103_0103.jpg 1 79 20 103 103
0225_0043_0065_0123_0123.jpg 1 43 65 123 123
0226_0049_0107_0074_0074.jpg 1 49 107 74 74
0227_0016_0024_0131_0131.jpg 1 16 24 131 131
0228_0057_0059_0133_0133.jpg 1 57 59 133 133
0229_0030_0033_0135_0135.jpg 1 30 33 135 135
0230_0073_0132_0050_0050.jpg 1 73 132 50 50
0231_0058_0067_0071_0071.jpg 1 58 67 71 71
0232_0127_0030_0050_0050.jpg 1 127 30 50 50
0233_0070_0016_0053_0053.jpg 1 70 16 53 53
0234_0064_0106_0073_0073.jpg 1 64 106 73 73
0235_0010_0012_0132_0132.jpg 1 10 12 132 132
0236_0049_0017_0101_0101.jpg 1 49 17 101 101
0237_0017_0020_0090_0090.jpg 1 17 20 90 90
0238_0080_0077_0085_0085.jpg 1 80 77 85 85
0239_0026_0024_0132_0132.jpg 1 26 24 132 132
0240_0040_0022_0072_0072.jpg 1 40 22 72 72
0241_0020_0030_0063_0063.jpg 1 20 30 63 63
0242_0037_0009_0103_0103.jpg 1 37 9 103 103
0243_0037_0022_0139_0139.jpg 1 37 22 139 139
0244_0022_0054_0079_0079.jpg 1 22 54 79 79
0245_0034_0041_0094_0094.jpg 1 34 41 94 94
0246_0043_0057_0097_0097.jpg 1 43 57 97 97
0247_0061_0016_0088_0088.jpg 1 61 16 88 88
0248_0067_0087_0093_0093.jpg 1 67 87 93 93
0249_0061_0037_0119_0119.jpg 1 61 37 119 119
0250_0089_0012_0098_0098.jpg 1 89 12 98 98
0251_0056_0033_0123_0123.jpg 1 56 33 123 123
0252_0066_0045_0092_0092.jpg 1 66 45 92 92
0253_0054_0083_0106_0106.jpg 1 54 83 106 106
0254_0046_0098_0064_0064.jpg 1 46 98 64 64
0255_0072_0046_0094_0094.jpg 1 72 46 94 94
0256_0034_0064_0060_0060.jpg 1 34 64 60 60
