0001_0029_0035_0134_0134.jpg 1 29 35 134 134
0002_0032_0061_0115_0115.jpg 1 32 61 115 115
0003_0033_0054_0128_0128.jpg 1 33 54 128 128
0004_0059_0044_0104_0104.jpg 1 59 44 104 104
0005_0055_0016_0134_0134.jpg 1 55 16 134 134
0006_0054_0079_0060_0060.jpg 1 54 79 60 60
0007_0084_0055_0056_0056.jpg 1 84 55 56 56
0008_0075_0010_0101_0101.jpg 1 75 10 101 101
0009_0093_0131_0053_0053.jpg 1 93 131 53 53
0010_0106_0060_0064_0064.jpg 1 106 60 64 64
0011_0069_0025_0117_0117.jpg 1 69 25 117 117
0012_0063_0101_0079_0079.jpg 1 63 101 79 79
0013_0029_0079_0098_0098.jpg 1 29 79 98 98
0014_0017_0050_0120_0120.jpg 1 17 50 120 120
0015_0053_0058_0075_0075.jpg 1 53 58 75 75
0016_0034_0033_0125_0125.jpg 1 34 33 125 125
0017_0035_0037_0139_0139.jpg 1 35 37 139 139
0018_0045_0034_0096_0096.jpg 1 45 34 96 96
0019_0096_0116_0066_0066.jpg 1 96 116 66 66
0020_0076_0060_0106_0106.jpg 1 76 60 106 106
0021_0029_0014_0067_0067.jpg 1 29 14 67 67
0022_0067_0054_0057_0057.jpg 1 67 54 57 57
0023_0053_0083_0102_0102.jpg 1 53 83 102 102
0024_0030_0013_0119_0119.jpg 1 30 13 119 119
0025_0024_0049_0090_0090.jpg 1 24 49 90 90
0026_0040_0038_0054_0054.jpg 1 40 38 54 54
0027_0058_0029_0119_0119.jpg 1 58 29 119 119
0028_0078_0109_0048_0048.jpg 1 78 109 48 48
0029_0078_0048_0066_0066.jpg 1 78 48 66 66
0030_0074_0014_0097_0097.jpg 1 74 14 97 97
0031_0046_0050_0110_0110.jpg 1 46 50 110 110
0032_0018_0069_0090_0090.jpg 1 18 69 90 90
0033_0090_0018_0053_0053.jpg 1 90 18 53 53
0034_0050_0100_0074_0074.jpg 1 50 100 74 74
0035_0044_0011_0103_0103.jpg 1 44 11 103 103
0036_0047_0070_0080_0080.jpg 1 47 70 80 80
0037_0083_0085_0073_0073.jpg 1 83 85 73 73
0038_0040_0079_0055_0055.jpg 1 40 79 55 55
0039_0083_0074_0091_0091.jpg 1 83 74 91 91
0040_0096_0038_0084_0084.jpg 1 96 38 84 84
0041_0023_0056_0090_0090.jpg 1 23 56 90 90
0042_0055_0120_0056_0056.jpg 1 55 120 56 56
0043_0022_0067_0114_0114.jpg 1 22 67 114 114
0044_0083_0054_0079_0079.jpg 1 83 54 79 79
0045_0034_0012_0135_0135.jpg 1 34 12 135 135
0046_0039_0059_0111_0111.jpg 1 39 59 111 111
0047_0086_0124_0061_0061.jpg 1 86 124 61 61
0048_0071_0038_0079_0079.jpg 1 71 38 79 79
0049_0030_0101_0077_0077.jpg 1 30 101 77 77
0050_0024_0093_0052_0052.jpg 1 24 93 52 52
0051_0029_0065_0104_0104.jpg 1 29 65 104 104
0052_0040_0087_0086_0086.jpg 1 40 87 86 86
0053_0017_0064_0117_0117.jpg 1 17 64 117 117
0054_0099_0076_0057_0057.jpg 1 99 76 57 57
0055_0082_0034_0069_0069.jpg 1 82 34 69 69
0056_0048_0021_0078_0078.jpg 1 48 21 78 78
0057_0062_0088_0055_0055.jpg 1 62 88 55 55
0058_0043_0019_0098_0098.jpg 1 43 19 98 98
0059_0023_0062_0123_0123.jpg 1 23 62 123 123
0060_0033_0073_0117_0117.jpg 1 33 73 117 117
0061_0111_0115_0070_0070.jpg 1 111 115 70 70
0062_0027_0011_0137_0137.jpg 1 27 11 137 137
0063_0133_0079_0051_0051.jpg 1 133 79 51 51
0064_0070_0061_0102_0102.jpg 1 70 61 102 102
0065_0024_0050_0067_0067.jpg 1 24 50 67 67
0066_0011_0096_0084_0084.jpg 1 11 96 84 84
0067_0093_0096_0059_0059.jpg 1 93 96 59 59
0068_0024_0084_0099_0099.jpg 1 24 84 99 99
0069_0017_0057_0128_0128.jpg 1 17 57 128 128
0070_0108_0091_0075_0075.jpg 1 108 91 75 75
0071_0050_0028_0136_0136.jpg 1 50 28 136 136
0072_0097_0063_0067_0067.jpg 1 97 63 67 67
0073_0043_0070_0068_0068.jpg 1 43 70 68 68
0074_0036_0055_0135_0135.jpg 1 36 55 135 135
0075_0084_0045_0089_0089.jpg 1 84 45 89 89
0076_0059_0097_0073_0073.jpg 1 59 97 73 73
0077_0012_0056_0096_0096.jpg 1 12 56 96 96
0078_0111_0078_0064_0064.jpg 1 111 78 64 64
0079_0078_0010_0108_0108.jpg 1 78 10 108 108
0080_0071_0009_0113_0113.jpg 1 71 9 113 113
0081_0046_0045_0113_0113.jpg 1 46 45 113 113
0082_0086_0016_0083_0083.jpg 1 86 16 83 83
0083_0046_0021_0122_0122.jpg 1 46 21 122 122
0084_0011_0034_0134_0134.jpg 1 11 34 134 134
0085_0059_0025_0111_0111.jpg 1 59 25 111 111
0086_0049_0059_0071_0071.jpg 1 49 59 71 71
0087_0042_0014_0099_0099.jpg 1 42 14 99 99
0088_0045_0022_0109_0109.jpg 1 45 22 109 109
0089_0040_0116_0055_0055.jpg 1 40 116 55 55
0090_0014_0038_0131_0131.jpg 1 14 38 131 131
0091_0069_0039_0095_0095.jpg 1 69 39 95 95
0092_0048_0026_0116_0116.jpg 1 48 26 116 116
0093_0016_0030_0122_0122.jpg 1 16 30 122 122
0094_0120_0029_0051_0051.jpg 1 120 29 51 51
0095_0098_0023_0066_0066.jpg 1 98 23 66 66
0096_0025_0054_0108_0108.jpg 1 25 54 108 108
0097_0046_0047_0111_0111.jpg 1 46 47 111 111
0098_0042_0078_0107_0107.jpg 1 42 78 107 107
0099_0038_0011_0127_0127.jpg 1 38 11 127 127
0100_0084_0108_0063_0063.jpg 1 84 108 63 63
0101_0051_0043_0051_0051.jpg 1 51 43 51 51
0102_0040_0071_0095_0095.jpg 1 40 71 95 95
0103_0022_0056_0098_0098.jpg 1 22 56 98 98
0104_0043_0058_0077_0077.jpg 1 43 58 77 77
0105_0060_0048_0129_0129.jpg 1 60 48 129 129
0106_0098_0095_0055_0055.jpg 1 98 95 55 55
0107_0047_0050_0092_0092.jpg 1 47 50 92 92
0108_0109_0018_0072_0072.jpg 1 109 18 72 72
0109_0024_0038_0118_0118.jpg 1 24 38 118 118
0110_0036_0085_0075_0075.jpg 1 36 85 75 75
0111_0019_0101_0081_0081.jpg 1 19 101 81 81
0112_0052_0017_0121_0121.jpg 1 52 17 121 121
0113_0071_0010_0099_0099.jpg 1 71 10 99 99
0114_0032_0044_0088_0088.jpg 1 32 44 88 88
0115_0041_0037_0108_0108.jpg 1 41 37 108 108
0116_0013_0013_0134_0134.jpg 1 13 13 134 134
0117_0084_0042_0105_0105.jpg 1 84 42 105 105
0118_0078_0052_0107_0107.jpg 1 78 52 107 107
0119_0063_0035_0129_0129.jpg 1 63 35 129 129
0120_0120_0098_0052_0052.jpg 1 120 98 52 52
0121_0053_0015_0111_0111.jpg 1 53 15 111 111
0122_0089_0084_0055_0055.jpg 1 89 84 55 55
0123_0068_0086_0096_0096.jpg 1 68 86 96 96
0124_0023_0044_0126_0126.jpg 1 23 44 126 126
0125_0027_0018_0135_0135.jpg 1 27 18 135 135
0126_0106_0059_0052_0052.jpg 1 106 59 52 52
0127_0037_0061_0126_0126.jpg 1 37 61 126 126
0128_0099_0049_0079_0079.jpg 1 99 49 79 79
0129_0105_0055_0057_0057.jpg 1 105 55 57 57
0130_0054_0063_0111_0111.jpg 1 54 63 111 111
0131_0111_0123_0051_0051.jpg 1 111 123 51 51
0132_0044_0020_0135_0135.jpg 1 44 20 135 135
0133_0063_0034_0088_0088.jpg 1 63 34 88 88
0134_0051_0094_0072_0072.jpg 1 51 94 72 72
0135_0058_0083_0060_0060.jpg 1 58 83 60 60
0136_0047_0022_0082_0082.jpg 1 47 22 82 82
0137_0041_0019_0125_0125.jpg 1 41 19 125 125
0138_0024_0061_0061_0061.jpg 1 24 61 61 61
0139_0123_0111_0049_0049.jpg 1 123 111 49 49
0140_0066_0029_0114_0114.jpg 1 66 29 114 114
0141_0019_0013_0113_0113.jpg 1 19 13 113 113
0142_0031_0115_0067_0067.jpg 1 31 115 67 67
0143_0092_0044_0094_0094.jpg 1 92 44 94 94
0144_0022_0060_0094_0094.jpg 1 22 60 94 94
0145_0083_0123_0059_0059.jpg 1 83 123 59 59
0146_0041_0045_0127_0127.jpg 1 41 45 127 127
0147_0092_0056_0051_0051.jpg 1 92 56 51 51
0148_0056_0011_0090_0090.jpg 1 56 11 90 90
0149_0034_0027_0123_0123.jpg 1 34 27 123 123
0150_0077_0126_0051_0051.jpg 1 77 126 51 51
0151_0069_0045_0117_0117.jpg 1 69 45 117 117
0152_0096_0059_0055_0055.jpg 1 96 59 55 55
0153_0078_0015_0075_0075.jpg 1 78 15 75 75
0154_0068_0086_0087_0087.jpg 1 68 86 87 87
0155_0032_0051_0111_0111.jpg 1 32 51 111 111
0156_0049_0096_0082_0082.jpg 1 49 96 82 82
0157_0024_0073_0067_0067.jpg 1 24 73 67 67
0158_0038_0021_0111_0111.jpg 1 38 21 111 111
0159_0023_0053_0093_0093.jpg 1 23 53 93 93
0160_0014_0035_0112_0112.jpg 1 14 35 112 112
0161_0023_0018_0132_0132.jpg 1 23 18 132 132
0162_0056_0032_0120_0120.jpg 1 56 32 120 120
0163_0069_0034_0063_0063.jpg 1 69 34 63 63
0164_0050_0036_0067_0067.jpg 1 50 36 67 67
0165_0042_0032_0120_0120.jpg 1 42 32 120 120
0166_0099_0015_0063_0063.jpg 1 99 15 63 63
0167_0022_0096_0080_0080.jpg 1 22 96 80 80
0168_0045_0052_0115_0115.jpg 1 45 52 115 115
0169_0076_0069_0101_0101.jpg 1 76 69 101 101
0170_0036_0025_0119_0119.jpg 1 36 25 119 119
0171_0011_0081_0105_0105.jpg 1 11 81 105 105
0172_0026_0043_0121_0121.jpg 1 26 43 121 121
0173_0010_0047_0119_0119.jpg 1 10 47 119 119
0174_0047_0027_0088_0088.jpg 1 47 27 88 88
0175_0088_0022_0049_0049.jpg 1 88 22 49 49
0176_0084_0113_0073_0073.jpg 1 84 113 73 73
0177_0025_0081_0065_0065.jpg 1 25 81 65 65
0178_0033_0009_0137_0137.jpg 1 33 9 137 137
0179_0017_0040_0111_0111.jpg 1 17 40 111 111
0180_0044_0020_0132_0132.jpg 1 44 20 132 132
0181_0071_0085_0084_0084.jpg 1 71 85 84 84
0182_0082_0057_0097_0097.jpg 1 82 57 97 97
0183_0012_0023_0085_0085.jpg 1 12 23 85 85
0184_0082_0055_0070_0070.jpg 1 82 55 70 70
0185_0094_0111_0052_0052.jpg 1 94 111 52 52
0186_0044_0014_0131_0131.jpg 1 44 14 131 131
0187_0057_0014_0077_0077.jpg 1 57 14 77 77
0188_0045_0109_0071_0071.jpg 1 45 109 71 71
0189_0016_0083_0081_0081.jpg 1 16 83 81 81
0190_0046_0095_0056_0056.jpg 1 46 95 56 56
0191_0024_0016_0119_0119.jpg 1 24 16 119 119
0192_0061_0071_0106_0106.jpg 1 61 71 106 106
0193_0014_0023_0121_0121.jpg 1 14 23 121 121
0194_0050_0014_0124_0124.jpg 1 50 14 124 124
0195_0016_0044_0132_0132.jpg 1 16 44 132 132
0196_0048_0020_0134_0134.jpg 1 48 20 134 134
0197_0044_0049_0132_0132.jpg 1 44 49 132 132
0198_0030_0107_0051_0051.jpg 1 30 107 51 51
0199_0113_0122_0055_0055.jpg 1 113 122 55 55
0200_0078_0103_0076_0076.jpg 1 78 103 76 76
0201_0006_0046_0139_0139.jpg 1 6 46 139 139
0202_0037_0042_0065_0065.jpg 1 37 42 65 65
0203_0051_0041_0136_0136.jpg 1 51 41 136 136
0204_0052_0018_0137_0137.jpg 1 52 18 137 137
0205_0038_0044_0111_0111.jpg 1 38 44 111 111
0206_0024_0018_0077_0077.jpg 1 24 18 77 77
0207_0028_0012_0108_0108.jpg 1 28 12 108 108
0208_0077_0077_0077_0077.jpg 1 77 77 77 77
0209_0065_0115_0107_0107.jpg 1 65 115 107 107
0210_0046_0026_0134_0134.jpg 1 46 26 134 134
0211_0087_0047_0079_0079.jpg 1 87 47 79 79
0212_0052_0033_0107_0107.jpg 1 52 33 107 107
0213_0088_0028_0075_0075.jpg 1 88 28 75 75
0214_0075_0010_0115_0115.jpg 1 75 10 115 115
0215_0066_0081_0102_0102.jpg 1 66 81 102 102
0216_0040_0032_0138_0138.jpg 1 40 32 138 138
0217_0084_0101_0062_0062.jpg 1 84 101 62 62
0218_0039_0044_0068_0068.jpg 1 39 44 68 68
0219_0014_0087_0095_0095.jpg 1 14 87 95 95
0220_0038_0026_0139_0139.jpg 1 38 26 139 139
0221_0042_0047_0133_0133.jpg 1 42 47 133 133
0222_0036_0022_0117_0117.jpg 1 36 22 117 117
0223_0025_0055_0092_0092.jpg 1 25 55 92 92
0224_0077_0046_0060_0060.jpg 1 77 46 60 60
0225_0103_0084_0080_0080.jpg 1 103 84 80 80
0226_0033_0088_0102_0102.jpg 1 33 88 102 102
0227_0052_0068_0108_0108.jpg 1 52 68 108 108
0228_0075_0044_0097_0097.jpg 1 75 44 97 97
0229_0014_0068_0120_0120.jpg 1 14 68 120 120
0230_0036_0074_0113_0113.jpg 1 36 74 113 113
0231_0037_0024_0095_0095.jpg 1 37 24 95 95
0232_0076_0060_0104_0104.jpg 1 76 60 104 104
0233_0015_0012_0139_0139.jpg 1 15 12 139 139
0234_0032_0066_0123_0123.jpg 1 32 66 123 123
0235_0108_0020_0058_0058.jpg 1 108 20 58 58
0236_0035_0119_0053_0053.jpg 1 35 119 53 53
0237_0105_0074_0075_0075.jpg 1 105 74 75 75
0238_0019_0057_0127_0127.jpg 1 19 57 127 127
0239_0019_0014_0126_0126.jpg 1 19 14 126 126
0240_0090_0024_0091_0091.jpg 1 90 24 91 91
0241_0048_0028_0116_0116.jpg 1 48 28 116 116
0242_0124_0126_0057_0057.jpg 1 124 126 57 57
0243_0018_0101_0059_0059.jpg 1 18 101 59 59
0244_0052_0052_0122_0122.jpg 1 52 52 122 122
0245_0058_0071_0090_0090.jpg 1 58 71 90 90
0246_0097_0024_0061_0061.jpg 1 97 24 61 61
0247_0018_0054_0107_0107.jpg 1 18 54 107 107
0248_0031_0063_0110_0110.jpg 1 31 63 110 110
0249_0007_0053_0131_0131.jpg 1 7 53 131 131
0250_0076_0040_0115_0115.jpg 1 76 40 115 115
0251_0029_0028_0122_0122.jpg 1 29 28 122 122
0252_0030_0015_0121_0121.jpg 1 30 15 121 121
0253_0030_0026_0110_0110.jpg 1 30 26 110 110
0254_0041_0016_0057_0057.jpg 1 41 16 57 57
0255_0025_0132_0050_0050.jpg 1 25 132 50 50
0256_0060_0076_0084_0084.jpg 1 60 76 84 84
