0001_0082_0018_0081_0081.jpg 1 82 18 81 81
0002_0048_0081_0073_0073.jpg 1 48 81 73 73
0003_0058_0070_0066_0066.jpg 1 58 70 66 66
0004_0062_0016_0073_0073.jpg 1 62 16 73 73
0005_0083_0098_0075_0075.jpg 1 83 98 75 75
0006_0059_0096_0079_0079.jpg 1 59 96 79 79
0007_0102_0035_0061_0061.jpg 1 102 35 61 61
0008_0033_0006_0135_0135.jpg 1 33 6 135 135
0009_0017_0058_0093_0093.jpg 1 17 58 93 93
0010_0058_0041_0099_0099.jpg 1 58 41 99 99
0011_0057_0054_0120_0120.jpg 1 57 54 120 120
0012_0072_0023_0052_0052.jpg 1 72 23 52 52
0013_0048_0097_0072_0072.jpg 1 48 97 72 72
0014_0055_0021_0052_0052.jpg 1 55 21 52 52
0015_0027_0090_0064_0064.jpg 1 27 90 64 64
0016_0045_0024_0136_0136.jpg 1 45 24 136 136
0017_0024_0014_0076_0076.jpg 1 24 14 76 76
0018_0062_0040_0103_0103.jpg 1 62 40 103 103
0019_0099_0037_0069_0069.jpg 1 99 37 69 69
0020_0062_0028_0085_0085.jpg 1 62 28 85 85
0021_0008_0065_0127_0127.jpg 1 8 65 127 127
0022_0024_0028_0076_0076.jpg 1 24 28 76 76
0023_0010_0043_0134_0134.jpg 1 10 43 134 134
0024_0036_0016_0091_0091.jpg 1 36 16 91 91
0025_0054_0014_0116_0116.jpg 1 54 14 116 116
0026_0042_0076_0081_0081.jpg 1 42 76 81 81
0027_0095_0070_0061_0061.jpg 1 95 70 61 61
0028_0074_0086_0093_0093.jpg 1 74 86 93 93
0029_0072_0069_0104_0104.jpg 1 72 69 104 104
0030_0040_0116_0065_0065.jpg 1 40 116 65 65
0031_0066_0094_0089_0089.jpg 1 66 94 89 89
0032_0041_0034_0124_0124.jpg 1 41 34 124 124
0033_0035_0095_0092_0092.jpg 1 35 95 92 92
0034_0077_0039_0078_0078.jpg 1 77 39 78 78
0035_0078_0046_0111_0111.jpg 1 78 46 111 111
0036_0052_0030_0125_0125.jpg 1 52 30 125 125
0037_0124_0033_0058_0058.jpg 1 124 33 58 58
0038_0061_0075_0051_0051.jpg 1 61 75 51 51
0039_0035_0034_0107_0107.jpg 1 35 34 107 107
0040_0061_0040_0056_0056.jpg 1 61 40 56 56
0041_0081_0075_0081_0081.jpg 1 81 75 81 81
0042_0020_0042_0118_0118.jpg 1 20 42 118 118
0043_0082_0064_0058_0058.jpg 1 82 64 58 58
0044_0108_0079_0076_0076.jpg 1 108 79 76 76
0045_0076_0091_0062_0062.jpg 1 76 91 62 62
0046_0081_0078_0076_0076.jpg 1 81 78 76 76
0047_0047_0032_0137_0137.jpg 1 47 32 137 137
0048_0041_0075_0086_0086.jpg 1 41 75 86 86
0049_0019_0034_0136_0136.jpg 1 19 34 136 136
0050_0111_0110_0069_0069.jpg 1 111 110 69 69
0051_0077_0014_0111_0111.jpg 1 77 14 111 111
0052_0050_0043_0131_0131.jpg 1 50 43 131 131
0053_0017_0090_0080_0080.jpg 1 17 90 80 80
0054_0048_0016_0123_0123.jpg 1 48 16 123 123
0055_0113_0068_0072_0072.jpg 1 113 68 72 72
0056_0012_0061_0122_0122.jpg 1 12 61 122 122
0057_0030_0027_0126_0126.jpg 1 30 27 126 126
0058_0040_0025_0118_0118.jpg 1 40 25 118 118
0059_0073_0034_0081_0081.jpg 1 73 34 81 81
0060_0084_0045_0105_0105.jpg 1 84 45 105 105
0061_0056_0028_0121_0121.jpg 1 56 28 121 121
0062_0027_0053_0104_0104.jpg 1 27 53 104 104
0063_0034_0049_0061_0061.jpg 1 34 49 61 61
0064_0023_0023_0131_0131.jpg 1 23 23 131 131
0065_0055_0055_0084_0084.jpg 1 55 55 84 84
0066_0073_0040_0107_0107.jpg 1 73 40 107 107
0067_0011_0049_0089_0089.jpg 1 11 49 89 89
0068_0127_0065_0048_0048.jpg 1 127 65 48 48
0069_0094_0029_0050_0050.jpg 1 94 29 50 50
0070_0068_0084_0094_0094.jpg 1 68 84 94 94
0071_0082_0074_0069_0069.jpg 1 82 74 69 69
0072_0039_0050_0055_0055.jpg 1 39 50 55 55
0073_0041_0041_0108_0108.jpg 1 41 41 108 108
0074_0015_0076_0087_0087.jpg 1 15 76 87 87
0075_0019_0027_0054_0054.jpg 1 19 27 54 54
0076_0036_0014_0133_0133.jpg 1 36 14 133 133
0077_0084_0082_0072_0072.jpg 1 84 82 72 72
0078_0075_0095_0093_0093.jpg 1 75 95 93 93
0079_0105_0050_0082_0082.jpg 1 105 50 82 82
0080_0015_0015_0107_0107.jpg 1 15 15 107 107
0081_0021_0018_0074_0074.jpg 1 21 18 74 74
0082_0035_0061_0079_0079.jpg 1 35 61 79 79
0083_0059_0061_0096_0096.jpg 1 59 61 96 96
0084_0020_0095_0055_0055.jpg 1 20 95 55 55
0085_0074_0084_0061_0061.jpg 1 74 84 61 61
0086_0045_0046_0124_0124.jpg 1 45 46 124 124
0087_0115_0017_0066_0066.jpg 1 115 17 66 66
0088_0009_0039_0139_0139.jpg 1 9 39 139 139
0089_0036_0029_0061_0061.jpg 1 36 29 61 61
0090_0035_0017_0133_0133.jpg 1 35 17 133 133
0091_0108_0026_0076_0076.jpg 1 108 26 76 76
0092_0065_0021_0073_0073.jpg 1 65 21 73 73
0093_0081_0086_0102_0102.jpg 1 81 86 102 102
0094_0074_0025_0074_0074.jpg 1 74 25 74 74
0095_0012_0019_0136_0136.jpg 1 12 19 136 136
0096_0076_0020_0076_0076.jpg 1 76 20 76 76
0097_0105_0062_0059_0059.jpg 1 105 62 59 59
0098_0014_0057_0090_0090.jpg 1 14 57 90 90
0099_0036_0098_0055_0055.jpg 1 36 98 55 55
0100_0049_0057_0113_0113.jpg 1 49 57 113 113
0101_0045_0056_0082_0082.jpg 1 45 56 82 82
0102_0100_0017_0074_0074.jpg 1 100 17 74 74
0103_0078_0086_0103_0103.jpg 1 78 86 103 103
0104_0052_0010_0133_0133.jpg 1 52 10 133 133
0105_0028_0024_0122_0122.jpg 1 28 24 122 122
0106_0015_0088_0089_0089.jpg 1 15 88 89 89
0107_0011_0023_0120_0120.jpg 1 11 23 120 120
0108_0065_0047_0081_0081.jpg 1 65 47 81 81
0109_0025_0031_0105_0105.jpg 1 25 31 105 105
0110_0019_0067_0061_0061.jpg 1 19 67 61 61
0111_0044_0094_0057_0057.jpg 1 44 94 57 57
0112_0026_0054_0074_0074.jpg 1 26 54 74 74
0113_0024_0024_0066_0066.jpg 1 24 24 66 66
0114_0028_0094_0066_0066.jpg 1 28 94 66 66
0115_0040_0025_0060_0060.jpg 1 40 25 60 60
0116_0115_0073_0063_0063.jpg 1 115 73 63 63
0117_0041_0048_0125_0125.jpg 1 41 48 125 125
0118_0109_0114_0072_0072.jpg 1 109 114 72 72
0119_0013_0062_0115_0115.jpg 1 13 62 115 115
0120_0076_0076_0103_0103.jpg 1 76 76 103 103
0121_0059_0059_0131_0131.jpg 1 59 59 131 131
0122_0070_0121_0054_0054.jpg 1 70 121 54 54
0123_0009_0068_0122_0122.jpg 1 9 68 122 122
0124_0063_0108_0054_0054.jpg 1 63 108 54 54
0125_0038_0101_0072_0072.jpg 1 38 101 72 72
0126_0025_0059_0054_0054.jpg 1 25 59 54 54
0127_0025_0068_0053_0053.jpg 1 25 68 53 53
0128_0014_0012_0127_0127.jpg 1 14 12 127 127
0129_0038_0070_0113_0113.jpg 1 38 70 113 113
0130_0054_0012_0116_0116.jpg 1 54 12 116 116
0131_0057_0086_0096_0096.jpg 1 57 86 96 96
0132_0053_0035_0124_0124.jpg 1 53 35 124 124
0133_0121_0060_0061_0061.jpg 1 121 60 61 61
0134_0034_0041_0103_0103.jpg 1 34 41 103 103
0135_0028_0085_0075_0075.jpg 1 28 85 75 75
0136_0037_0014_0058_0058.jpg 1 37 14 58 58
0137_0049_0041_0126_0126.jpg 1 49 41 126 126
0138_0019_0045_0137_0137.jpg 1 19 45 137 137
0139_0021_0063_0074_0074.jpg 1 21 63 74 74
0140_0084_0106_0064_0064.jpg 1 84 106 64 64
0141_0030_0099_0068_0068.jpg 1 30 99 68 68
0142_0042_0062_0110_0110.jpg 1 42 62 110 110
0143_0021_0016_0089_0089.jpg 1 21 16 89 89
0144_0022_0051_0114_0114.jpg 1 22 51 114 114
0145_0059_0119_0061_0061.jpg 1 59 119 61 61
0146_0127_0029_0051_0051.jpg 1 127 29 51 51
0147_0030_0052_0134_0134.jpg 1 30 52 134 134
0148_0014_0021_0131_0131.jpg 1 14 21 131 131
0149_0025_0081_0098_0098.jpg 1 25 81 98 98
0150_0066_0014_0118_0118.jpg 1 66 14 118 118
0151_0018_0058_0073_0073.jpg 1 18 58 73 73
0152_0091_0077_0074_0074.jpg 1 91 77 74 74
0153_0087_0072_0072_0072.jpg 1 87 72 72 72
0154_0093_0041_0094_0094.jpg 1 93 41 94 94
0155_0094_0057_0077_0077.jpg 1 94 57 77 77
0156_0073_0103_0069_0069.jpg 1 73 103 69 69
0157_0015_0023_0064_0064.jpg 1 15 23 64 64
0158_0027_0009_0111_0111.jpg 1 27 9 111 111
0159_0029_0067_0069_0069.jpg 1 29 67 69 69
0160_0036_0104_0075_0075.jpg 1 36 104 75 75
0161_0092_0081_0085_0085.jpg 1 92 81 85 85
0162_0110_0058_0071_0071.jpg 1 110 58 71 71
0163_0021_0043_0137_0137.jpg 1 21 43 137 137
0164_0010_0008_0127_0127.jpg 1 10 8 127 127
0165_0013_0052_0121_0121.jpg 1 13 52 121 121
0166_0081_0126_0056_0056.jpg 1 81 126 56 56
0167_0070_0046_0098_0098.jpg 1 70 46 98 98
0168_0122_0118_0056_0056.jpg 1 122 118 56 56
0169_0121_0084_0053_0053.jpg 1 121 84 53 53
0170_0077_0033_0111_0111.jpg 1 77 33 111 111
0171_0067_0068_0111_0111.jpg 1 67 68 111 111
0172_0034_0015_0106_0106.jpg 1 34 15 106 106
0173_0031_0024_0130_0130.jpg 1 31 24 130 130
0174_0068_0066_0088_0088.jpg 1 68 66 88 88
0175_0086_0022_0054_0054.jpg 1 86 22 54 54
0176_0083_0037_0102_0102.jpg 1 83 37 102 102
0177_0052_0042_0130_0130.jpg 1 52 42 130 130
0178_0025_0060_0116_0116.jpg 1 25 60 116 116
0179_0027_0103_0082_0082.jpg 1 27 103 82 82
0180_0078_0053_0068_0068.jpg 1 78 53 68 68
0181_0032_0050_0102_0102.jpg 1 32 50 102 102
0182_0031_0042_0127_0127.jpg 1 31 42 127 127
0183_0088_0057_0060_0060.jpg 1 88 57 60 60
0184_0044_0062_0097_0097.jpg 1 44 62 97 97
0185_0105_0029_0057_0057.jpg 1 105 29 57 57
0186_0025_0116_0056_0056.jpg 1 25 116 56 56
0187_0036_0026_0137_0137.jpg 1 36 26 137 137
0188_0055_0049_0101_0101.jpg 1 55 49 101 101
0189_0103_0026_0059_0059.jpg 1 103 26 59 59
0190_0072_0052_0095_0095.jpg 1 72 52 95 95
0191_0027_0093_0064_0064.jpg 1 27 93 64 64
0192_0070_0067_0108_0108.jpg 1 70 67 108 108
0193_0106_0031_0070_0070.jpg 1 106 31 70 70
0194_0026_0080_0057_0057.jpg 1 26 80 57 57
0195_0051_0027_0070_0070.jpg 1 51 27 70 70
0196_0025_0061_0097_0097.jpg 1 25 61 97 97
0197_0076_0049_0096_0096.jpg 1 76 49 96 96
0198_0024_0064_0123_0123.jpg 1 24 64 123 123
0199_0065_0093_0060_0060.jpg 1 65 93 60 60
0200_0044_0040_0050_0050.jpg 1 44 40 50 50
0201_0122_0042_0062_0062.jpg 1 122 42 62 62
0202_0061_0020_0128_0128.jpg 1 61 20 128 128
0203_0014_0087_0064_0064.jpg 1 14 87 64 64
0204_0070_0036_0110_0110.jpg 1 70 36 110 110
0205_0044_0032_0139_0139.jpg 1 44 32 139 139
0206_0077_0029_0087_0087.jpg 1 77 29 87 87
0207_0106_0025_0069_0069.jpg 1 106 25 69 69
0208_0075_0051_0066_0066.jpg 1 75 51 66 66
0209_0063_0052_0114_0114.jpg 1 63 52 114 114
0210_0025_0036_0091_0091.jpg 1 25 36 91 91
0211_0042_0073_0104_0104.jpg 1 42 73 104 104
0212_0041_0080_0108_0108.jpg 1 41 80 108 108
0213_0077_0056_0110_0110.jpg 1 77 56 110 110
0214_0045_0015_0127_0127.jpg 1 45 15 127 127
0215_0059_0069_0077_0077.jpg 1 59 69 77 77
0216_0070_0015_0050_0050.jpg 1 70 15 50 50
0217_0052_0062_0121_0121.jpg 1 52 62 121 121
0218_0061_0033_0123_0123.jpg 1 61 33 123 123
0219_0070_0099_0082_0082.jpg 1 70 99 82 82
0220_0011_0020_0110_0110.jpg 1 11 20 110 110
0221_0054_0081_0101_0101.jpg 1 54 81 101 101
0222_0041_0062_0048_0048.jpg 1 41 62 48 48
0223_0017_0070_0120_0120.jpg 1 17 70 120 120
0224_0015_0127_0055_0055.jpg 1 15 127 55 55
0225_0065_0033_0095_0095.jpg 1 65 33 95 95
0226_0034_0111_0072_0072.jpg 1 34 111 72 72
0227_0128_0093_0048_0048.jpg 1 128 93 48 48
0228_0063_0073_0070_0070.jpg 1 63 73 70 70
0229_0016_0058_0123_0123.jpg 1 16 58 123 123
0230_0054_0012_0133_0133.jpg 1 54 12 133 133
0231_0076_0016_0108_0108.jpg 1 76 16 108 108
0232_0035_0039_0133_0133.jpg 1 35 39 133 133
0233_0009_0027_0119_0119.jpg 1 9 27 119 119
0234_0011_0054_0131_0131.jpg 1 11 54 131 131
0235_0064_0036_0106_0106.jpg 1 64 36 106 106
0236_0013_0032_0105_0105.jpg 1 13 32 105 105
0237_0058_0013_0120_0120.jpg 1 58 13 120 120
0238_0090_0096_0085_0085.jpg 1 90 96 85 85
0239_0034_0074_0098_0098.jpg 1 34 74 98 98
0240_0094_0070_0086_0086.jpg 1 94 70 86 86
0241_0068_0041_0120_0120.jpg 1 68 41 120 120
0242_0032_0122_0049_0049.jpg 1 32 122 49 49
0243_0070_0056_0062_0062.jpg 1 70 56 62 62
0244_0051_0016_0091_0091.jpg 1 51 16 91 91
0245_0071_0085_0067_0067.jpg 1 71 85 67 67
0246_0081_0100_0062_0062.jpg 1 81 100 62 62
0247_0033_0043_0137_0137.jpg 1 33 43 137 137
0248_0022_0040_0132_0132.jpg 1 22 40 132 132
0249_0053_0026_0132_0132.jpg 1 53 26 132 132
0250_0028_0055_0122_0122.jpg 1 28 55 122 122
0251_0012_0015_0092_0092.jpg 1 12 15 92 92
0252_0031_0064_0105_0105.jpg 1 31 64 105 105
0253_0066_0046_0108_0108.jpg 1 66 46 108 108
0254_0086_0103_0076_0076.jpg 1 86 103 76 76
0255_0033_0090_0093_0093.jpg 1 33 90 93 93
0256_0103_0098_0085_0085.jpg 1 103 98 85 85
