0001_0092_0034_0057_0057.jpg 1 92 34 57 57
0002_0043_0074_0116_0116.jpg 1 43 74 116 116
0003_0026_0057_0106_0106.jpg 1 26 57 106 106
0004_0057_0030_0063_0063.jpg 1 57 30 63 63
0005_0026_0047_0099_0099.jpg 1 26 47 99 99
0006_0041_0053_0084_0084.jpg 1 41 53 84 84
0007_0070_0011_0103_0103.jpg 1 70 11 103 103
0008_0084_0103_0050_0050.jpg 1 84 103 50 50
0009_0042_0055_0095_0095.jpg 1 42 55 95 95
0010_0116_0116_0060_0060.jpg 1 116 116 60 60
0011_0086_0050_0079_0079.jpg 1 86 50 79 79
0012_0060_0035_0131_0131.jpg 1 60 35 131 131
0013_0047_0086_0071_0071.jpg 1 47 86 71 71
0014_0066_0064_0123_0123.jpg 1 66 64 123 123
0015_0027_0076_0087_0087.jpg 1 27 76 87 87
0016_0082_0101_0083_0083.jpg 1 82 101 83 83
0017_0013_0060_0117_0117.jpg 1 13 60 117 117
0018_0057_0039_0091_0091.jpg 1 57 39 91 91
0019_0030_0022_0135_0135.jpg 1 30 22 135 135
0020_0047_0039_0111_0111.jpg 1 47 39 111 111
0021_0043_0090_0053_0053.jpg 1 43 90 53 53
0022_0057_0054_0079_0079.jpg 1 57 54 79 79
0023_0038_0035_0113_0113.jpg 1 38 35 113 113
0024_0049_0036_0055_0055.jpg 1 49 36 55 55
0025_0069_0053_0122_0122.jpg 1 69 53 122 122
0026_0043_0095_0084_0084.jpg 1 43 95 84 84
0027_0022_0009_0128_0128.jpg 1 22 9 128 128
0028_0075_0024_0063_0063.jpg 1 75 24 63 63
0029_0046_0052_0099_0099.jpg 1 46 52 99 99
0030_0044_0041_0114_0114.jpg 1 44 41 114 114
0031_0094_0033_0082_0082.jpg 1 94 33 82 82
0032_0024_0081_0077_0077.jpg 1 24 81 77 77
0033_0109_0064_0056_0056.jpg 1 109 64 56 56
0034_0068_0017_0096_0096.jpg 1 68 17 96 96
0035_0025_0051_0106_0106.jpg 1 25 51 106 106
0036_0071_0074_0085_0085.jpg 1 71 74 85 85
0037_0026_0040_0130_0130.jpg 1 26 40 130 130
0038_0088_0080_0083_0083.jpg 1 88 80 83 83
0039_0026_0056_0107_0107.jpg 1 26 56 107 107
0040_0036_0013_0129_0129.jpg 1 36 13 129 129
0041_0012_0070_0120_0120.jpg 1 12 70 120 120
0042_0017_0101_0076_0076.jpg 1 17 101 76 76
0043_0034_0049_0106_0106.jpg 1 34 49 106 106
0044_0061_0065_0118_0118.jpg 1 61 65 118 118
0045_0049_0017_0073_0073.jpg 1 49 17 73 73
0046_0073_0016_0084_0084.jpg 1 73 16 84 84
0047_0042_0014_0072_0072.jpg 1 42 14 72 72
0048_0044_0025_0127_0127.jpg 1 44 25 127 127
0049_0061_0045_0088_0088.jpg 1 61 45 88 88
0050_0086_0033_0098_0098.jpg 1 86 33 98 98
0051_0108_0044_0057_0057.jpg 1 108 44 57 57
0052_0016_0021_0116_0116.jpg 1 16 21 116 116
0053_0067_0047_0082_0082.jpg 1 67 47 82 82
0054_0122_0032_0057_0057.jpg 1 122 32 57 57
0055_0067_0045_0089_0089.jpg 1 67 45 89 89
0056_0124_0093_0055_0055.jpg 1 124 93 55 55
0057_0055_0016_0105_0105.jpg 1 55 16 105 105
0058_0020_0040_0131_0131.jpg 1 20 40 131 131
0059_0109_0120_0063_0063.jpg 1 109 120 63 63
0060_0085_0057_0092_0092.jpg 1 85 57 92 92
0061_0070_0077_0113_0113.jpg 1 70 77 113 113
0062_0042_0098_0081_0081.jpg 1 42 98 81 81
0063_0019_0020_0121_0121.jpg 1 19 20 121 121
0064_0059_0032_0082_0082.jpg 1 59 32 82 82
0065_0028_0112_0068_0068.jpg 1 28 112 68 68
0066_0034_0044_0124_0124.jpg 1 34 44 124 124
0067_0090_0029_0091_0091.jpg 1 90 29 91 91
0068_0055_0039_0132_0132.jpg 1 55 39 132 132
0069_0058_0031_0116_0116.jpg 1 58 31 116 116
0070_0029_0038_0124_0124.jpg 1 29 38 124 124
0071_0057_0072_0100_0100.jpg 1 57 72 100 100
0072_0058_0023_0089_0089.jpg 1 58 23 89 89
0073_0066_0030_0106_0106.jpg 1 66 30 106 106
0074_0022_0068_0117_0117.jpg 1 22 68 117 117
0075_0063_0048_0099_0099.jpg 1 63 48 99 99
0076_0041_0076_0102_0102.jpg 1 41 76 102 102
0077_0024_0022_0102_0102.jpg 1 24 22 102 102
0078_0116_0082_0065_0065.jpg 1 116 82 65 65
0079_0072_0047_0099_0099.jpg 1 72 47 99 99
0080_0028_0102_0066_0066.jpg 1 28 102 66 66
0081_0029_0034_0133_0133.jpg 1 29 34 133 133
0082_0078_0052_0084_0084.jpg 1 78 52 84 84
0083_0023_0027_0094_0094.jpg 1 23 27 94 94
0084_0033_0016_0122_0122.jpg 1 33 16 122 122
0085_0061_0119_0056_0056.jpg 1 61 119 56 56
0086_0023_0053_0134_0134.jpg 1 23 53 134 134
0087_0096_0125_0051_0051.jpg 1 96 125 51 51
0088_0050_0072_0063_0063.jpg 1 50 72 63 63
0089_0063_0027_0124_0124.jpg 1 63 27 124 124
0090_0087_0077_0079_0079.jpg 1 87 77 79 79
0091_0082_0067_0096_0096.jpg 1 82 67 96 96
0092_0060_0063_0129_0129.jpg 1 60 63 129 129
0093_0036_0019_0102_0102.jpg 1 36 19 102 102
0094_0030_0056_0133_0133.jpg 1 30 56 133 133
0095_0032_0081_0103_0103.jpg 1 32 81 103 103
0096_0023_0035_0103_0103.jpg 1 23 35 103 103
0097_0023_0043_0073_0073.jpg 1 23 43 73 73
0098_0061_0077_0086_0086.jpg 1 61 77 86 86
0099_0019_0052_0095_0095.jpg 1 19 52 95 95
0100_0044_0055_0116_0116.jpg 1 44 55 116 116
0101_0034_0081_0059_0059.jpg 1 34 81 59 59
0102_0042_0016_0073_0073.jpg 1 42 16 73 73
0103_0014_0018_0110_0110.jpg 1 14 18 110 110
0104_0012_0016_0095_0095.jpg 1 12 16 95 95
0105_0071_0087_0067_0067.jpg 1 71 87 67 67
0106_0026_0074_0104_0104.jpg 1 26 74 104 104
0107_0025_0070_0080_0080.jpg 1 25 70 80 80
0108_0064_0054_0081_0081.jpg 1 64 54 81 81
0109_0039_0012_0135_0135.jpg 1 39 12 135 135
0110_0029_0044_0052_0052.jpg 1 29 44 52 52
0111_0119_0078_0061_0061.jpg 1 119 78 61 61
0112_0056_0050_0115_0115.jpg 1 56 50 115 115
0113_0066_0014_0071_0071.jpg 1 66 14 71 71
0114_0102_0024_0064_0064.jpg 1 102 24 64 64
0115_0049_0010_0112_0112.jpg 1 49 10 112 112
0116_0042_0036_0089_0089.jpg 1 42 36 89 89
0117_0097_0024_0091_0091.jpg 1 97 24 91 91
0118_0042_0075_0081_0081.jpg 1 42 75 81 81
0119_0023_0112_0057_0057.jpg 1 23 112 57 57
0120_0017_0024_0112_0112.jpg 1 17 24 112 112
0121_0010_0011_0139_0139.jpg 1 10 11 139 139
0122_0051_0058_0090_0090.jpg 1 51 58 90 90
0123_0055_0027_0132_0132.jpg 1 55 27 132 132
0124_0038_0058_0117_0117.jpg 1 38 58 117 117
0125_0020_0096_0076_0076.jpg 1 20 96 76 76
0126_0012_0046_0107_0107.jpg 1 12 46 107 107
0127_0081_0097_0084_0084.jpg 1 81 97 84 84
0128_0065_0086_0100_0100.jpg 1 65 86 100 100
0129_0080_0064_0082_0082.jpg 1 80 64 82 82
0130_0069_0033_0099_0099.jpg 1 69 33 99 99
0131_0044_0069_0119_0119.jpg 1 44 69 119 119
0132_0071_0026_0108_0108.jpg 1 71 26 108 108
0133_0017_0056_0060_0060.jpg 1 17 56 60 60
0134_0079_0057_0070_0070.jpg 1 79 57 70 70
0135_0071_0065_0095_0095.jpg 1 71 65 95 95
0136_0038_0025_0062_0062.jpg 1 38 25 62 62
0137_0044_0041_0061_0061.jpg 1 44 41 61 61
0138_0023_0030_0085_0085.jpg 1 23 30 85 85
0139_0016_0086_0064_0064.jpg 1 16 86 64 64
0140_0053_0083_0052_0052.jpg 1 53 83 52 52
0141_0040_0083_0088_0088.jpg 1 40 83 88 88
0142_0022_0021_0135_0135.jpg 1 22 21 135 135
0143_0079_0025_0108_0108.jpg 1 79 25 108 108
0144_0039_0089_0061_0061.jpg 1 39 89 61 61
0145_0022_0018_0087_0087.jpg 1 22 18 87 87
0146_0092_0020_0095_0095.jpg 1 92 20 95 95
0147_0028_0039_0096_0096.jpg 1 28 39 96 96
0148_0112_0064_0051_0051.jpg 1 112 64 51 51
0149_0015_0095_0067_0067.jpg 1 15 95 67 67
0150_0065_0033_0110_0110.jpg 1 65 33 110 110
0151_0012_0051_0081_0081.jpg 1 12 51 81 81
0152_0030_0026_0112_0112.jpg 1 30 26 112 112
0153_0017_0114_0051_0051.jpg 1 17 114 51 51
0154_0040_0058_0119_0119.jpg 1 40 58 119 119
0155_0013_0088_0095_0095.jpg 1 13 88 95 95
0156_0030_0027_0122_0122.jpg 1 30 27 122 122
0157_0079_0027_0089_0089.jpg 1 79 27 89 89
0158_0070_0017_0103_0103.jpg 1 70 17 103 103
0159_0024_0052_0139_0139.jpg 1 24 52 139 139
0160_0055_0053_0059_0059.jpg 1 55 53 59 59
0161_0034_0054_0109_0109.jpg 1 34 54 109 109
0162_0056_0031_0105_0105.jpg 1 56 31 105 105
0163_0122_0076_0059_0059.jpg 1 122 76 59 59
0164_0066_0076_0082_0082.jpg 1 66 76 82 82
0165_0043_0037_0118_0118.jpg 1 43 37 118 118
0166_0083_0023_0058_0058.jpg 1 83 23 58 58
0167_0035_0030_0075_0075.jpg 1 35 30 75 75
0168_0095_0070_0053_0053.jpg 1 95 70 53 53
0169_0055_0051_0085_0085.jpg 1 55 51 85 85
0170_0018_0064_0115_0115.jpg 1 18 64 115 115
0171_0029_0063_0091_0091.jpg 1 29 63 91 91
0172_0031_0045_0064_0064.jpg 1 31 45 64 64
0173_0047_0060_0130_0130.jpg 1 47 60 130 130
0174_0107_0040_0077_0077.jpg 1 107 40 77 77
0175_0024_0037_0053_0053.jpg 1 24 37 53 53
0176_0018_0026_0128_0128.jpg 1 18 26 128 128
0177_0018_0044_0103_0103.jpg 1 18 44 103 103
0178_0022_0078_0077_0077.jpg 1 22 78 77 77
0179_0097_0074_0089_0089.jpg 1 97 74 89 89
0180_0069_0026_0121_0121.jpg 1 69 26 121 121
0181_0077_0029_0080_0080.jpg 1 77 29 80 80
0182_0024_0032_0102_0102.jpg 1 24 32 102 102
0183_0030_0094_0088_0088.jpg 1 30 94 88 88
0184_0121_0099_0063_0063.jpg 1 121 99 63 63
0185_0043_0056_0065_0065.jpg 1 43 56 65 65
0186_0065_0059_0080_0080.jpg 1 65 59 80 80
0187_0068_0093_0095_0095.jpg 1 68 93 95 95
0188_0012_0044_0113_0113.jpg 1 12 44 113 113
0189_0095_0026_0060_0060.jpg 1 95 26 60 60
0190_0099_0052_0054_0054.jpg 1 99 52 54 54
0191_0107_0081_0050_0050.jpg 1 107 81 50 50
0192_0046_0058_0085_0085.jpg 1 46 58 85 85
0193_0022_0023_0105_0105.jpg 1 22 23 105 105
0194_0009_0035_0137_0137.jpg 1 9 35 137 137
0195_0071_0029_0108_0108.jpg 1 71 29 108 108
0196_0052_0027_0132_0132.jpg 1 52 27 132 132
0197_0063_0025_0104_0104.jpg 1 63 25 104 104
0198_0045_0114_0069_0069.jpg 1 45 114 69 69
0199_0069_0045_0073_0073.jpg 1 69 45 73 73
0200_0050_0033_0126_0126.jpg 1 50 33 126 126
0201_0058_0022_0117_0117.jpg 1 58 22 117 117
0202_0077_0053_0098_0098.jpg 1 77 53 98 98
0203_0012_0060_0123_0123.jpg 1 12 60 123 123
0204_0031_0017_0060_0060.jpg 1 31 17 60 60
0205_0050_0040_0102_0102.jpg 1 50 40 102 102
0206_0025_0010_0105_0105.jpg 1 25 10 105 105
0207_0051_0022_0093_0093.jpg 1 51 22 93 93
0208_0018_0026_0138_0138.jpg 1 18 26 138 138
0209_0053_0016_0113_0113.jpg 1 53 16 113 113
0210_0019_0038_0061_0061.jpg 1 19 38 61 61
0211_0009_0065_0114_0114.jpg 1 9 65 114 114
0212_0021_0057_0114_0114.jpg 1 21 57 114 114
0213_0014_0058_0119_0119.jpg 1 14 58 119 119
0214_0012_0051_0103_0103.jpg 1 12 51 103 103
0215_0019_0075_0060_0060.jpg 1 19 75 60 60
0216_0055_0039_0115_0115.jpg 1 55 39 115 115
0217_0011_0053_0132_0132.jpg 1 11 53 132 132
0218_0082_0021_0093_0093.jpg 1 82 21 93 93
0219_0119_0096_0061_0061.jpg 1 119 96 61 61
0220_0072_0048_0060_0060.jpg 1 72 48 60 60
0221_0036_0016_0054_0054.jpg 1 36 16 54 54
0222_0040_0006_0134_0134.jpg 1 40 6 134 134
0223_0019_0034_0084_0084.jpg 1 19 34 84 84
0224_0095_0070_0051_0051.jpg 1 95 70 51 51
0225_0026_0033_0086_0086.jpg 1 26 33 86 86
0226_0037_0007_0136_0136.jpg 1 37 7 136 136
0227_0039_0065_0099_0099.jpg 1 39 65 99 99
0228_0042_0088_0058_0058.jpg 1 42 88 58 58
0229_0115_0020_0049_0049.jpg 1 115 20 49 49
0230_0030_0068_0048_0048.jpg 1 30 68 48 48
0231_0009_0028_0106_0106.jpg 1 9 28 106 106
0232_0048_0118_0061_0061.jpg 1 48 118 61 61
0233_0042_0084_0098_0098.jpg 1 42 84 98 98
0234_0016_0068_0111_0111.jpg 1 16 68 111 111
0235_0101_0031_0066_0066.jpg 1 101 31 66 66
0236_0108_0023_0053_0053.jpg 1 108 23 53 53
0237_0013_0052_0113_0113.jpg 1 13 52 113 113
0238_0072_0046_0110_0110.jpg 1 72 46 110 110
0239_0030_0076_0061_0061.jpg 1 30 76 61 61
0240_0013_0021_0064_0064.jpg 1 13 21 64 64
0241_0012_0024_0123_0123.jpg 1 12 24 123 123
0242_0040_0042_0087_0087.jpg 1 40 42 87 87
0243_0027_0050_0128_0128.jpg 1 27 50 128 128
0244_0016_0014_0061_0061.jpg 1 16 14 61 61
0245_0013_0049_0091_0091.jpg 1 13 49 91 91
0246_0010_0029_0127_0127.jpg 1 10 29 127 127
0247_0057_0033_0124_0124.jpg 1 57 33 124 124
0248_0014_0015_0138_0138.jpg 1 14 15 138 138
0249_0008_0044_0127_0127.jpg 1 8 44 127 127
0250_0040_0042_0059_0059.jpg 1 40 42 59 59
0251_0011_0028_0088_0088.jpg 1 11 28 88 88
0252_0042_0027_0114_0114.jpg 1 42 27 114 114
0253_0027_0029_0138_0138.jpg 1 27 29 138 138
0254_0072_0070_0078_0078.jpg 1 72 70 78 78
0255_0121_0068_0049_0049.jpg 1 121 68 49 49
0256_0022_0068_0070_0070.jpg 1 22 68 70 70
