0001_0023_0028_0108_0108.jpg 1 23 28 108 108
0002_0093_0033_0093_0093.jpg 1 93 33 93 93
0003_0074_0059_0094_0094.jpg 1 74 59 94 94
0004_0025_0045_0072_0072.jpg 1 25 45 72 72
0005_0041_0042_0064_0064.jpg 1 41 42 64 64
0006_0018_0044_0090_0090.jpg 1 18 44 90 90
0007_0072_0019_0091_0091.jpg 1 72 19 91 91
0008_0030_0072_0090_0090.jpg 1 30 72 90 90
0009_0045_0093_0064_0064.jpg 1 45 93 64 64
0010_0015_0030_0136_0136.jpg 1 15 30 136 136
0011_0028_0051_0119_0119.jpg 1 28 51 119 119
0012_0024_0027_0137_0137.jpg 1 24 27 137 137
0013_0066_0060_0095_0095.jpg 1 66 60 95 95
0014_0014_0074_0103_0103.jpg 1 14 74 103 103
0015_0058_0059_0118_0118.jpg 1 58 59 118 118
0016_0008_0062_0115_0115.jpg 1 8 62 115 115
0017_0037_0048_0098_0098.jpg 1 37 48 98 98
0018_0009_0013_0120_0120.jpg 1 9 13 120 120
0019_0033_0037_0124_0124.jpg 1 33 37 124 124
0020_0035_0088_0059_0059.jpg 1 35 88 59 59
0021_0058_0125_0052_0052.jpg 1 58 125 52 52
0022_0043_0072_0096_0096.jpg 1 43 72 96 96
0023_0089_0063_0090_0090.jpg 1 89 63 90 90
0024_0044_0054_0111_0111.jpg 1 44 54 111 111
0025_0070_0072_0100_0100.jpg 1 70 72 100 100
0026_0088_0062_0090_0090.jpg 1 88 62 90 90
0027_0072_0026_0103_0103.jpg 1 72 26 103 103
0028_0089_0080_0098_0098.jpg 1 89 80 98 98
0029_0080_0076_0072_0072.jpg 1 80 76 72 72
0030_0044_0029_0138_0138.jpg 1 44 29 138 138
0031_0081_0116_0062_0062.jpg 1 81 116 62 62
0032_0030_0060_0114_0114.jpg 1 30 60 114 114
0033_0116_0102_0066_0066.jpg 1 116 102 66 66
0034_0062_0026_0127_0127.jpg 1 62 26 127 127
0035_0027_0018_0138_0138.jpg 1 27 18 138 138
0036_0076_0095_0083_0083.jpg 1 76 95 83 83
0037_0021_0025_0120_0120.jpg 1 21 25 120 120
0038_0064_0063_0097_0097.jpg 1 64 63 97 97
0039_0033_0051_0133_0133.jpg 1 33 51 133 133
0040_0014_0030_0133_0133.jpg 1 14 30 133 133
0041_0037_0056_0128_0128.jpg 1 37 56 128 128
0042_0071_0040_0092_0092.jpg 1 71 40 92 92
0043_0051_0085_0099_0099.jpg 1 51 85 99 99
0044_0099_0084_0048_0048.jpg 1 99 84 48 48
0045_0020_0044_0074_0074.jpg 1 20 44 74 74
0046_0034_0021_0097_0097.jpg 1 34 21 97 97
0047_0029_0089_0094_0094.jpg 1 29 89 94 94
0048_0026_0047_0097_0097.jpg 1 26 47 97 97
0049_0033_0018_0128_0128.jpg 1 33 18 128 128
0050_0047_0036_0123_0123.jpg 1 47 36 123 123
0051_0074_0081_0061_0061.jpg 1 74 81 61 61
0052_0043_0020_0108_0108.jpg 1 43 20 108 108
0053_0101_0106_0068_0068.jpg 1 101 106 68 68
0054_0013_0083_0106_0106.jpg 1 13 83 106 106
0055_0034_0021_0093_0093.jpg 1 34 21 93 93
0056_0019_0026_0127_0127.jpg 1 19 26 127 127
0057_0019_0015_0100_0100.jpg 1 19 15 100 100
0058_0062_0045_0091_0091.jpg 1 62 45 91 91
0059_0038_0020_0117_0117.jpg 1 38 20 117 117
0060_0061_0072_0119_0119.jpg 1 61 72 119 119
0061_0054_0033_0107_0107.jpg 1 54 33 107 107
0062_0024_0027_0134_0134.jpg 1 24 27 134 134
0063_0055_0052_0115_0115.jpg 1 55 52 115 115
0064_0073_0013_0106_0106.jpg 1 73 13 106 106
0065_0041_0090_0066_0066.jpg 1 41 90 66 66
0066_0037_0069_0087_0087.jpg 1 37 69 87 87
0067_0043_0035_0107_0107.jpg 1 43 35 107 107
0068_0091_0064_0092_0092.jpg 1 91 64 92 92
0069_0065_0050_0059_0059.jpg 1 65 50 59 59
0070_0094_0102_0079_0079.jpg 1 94 102 79 79
0071_0121_0062_0064_0064.jpg 1 121 62 64 64
0072_0090_0093_0053_0053.jpg 1 90 93 53 53
0073_0019_0043_0070_0070.jpg 1 19 43 70 70
0074_0064_0035_0052_0052.jpg 1 64 35 52 52
0075_0083_0052_0049_0049.jpg 1 83 52 49 49
0076_0103_0054_0065_0065.jpg 1 103 54 65 65
0077_0047_0018_0121_0121.jpg 1 47 18 121 121
0078_0058_0066_0085_0085.jpg 1 58 66 85 85
0079_0105_0105_0049_0049.jpg 1 105 105 49 49
0080_0069_0013_0100_0100.jpg 1 69 13 100 100
0081_0051_0052_0134_0134.jpg 1 51 52 134 134
0082_0059_0050_0078_0078.jpg 1 59 50 78 78
0083_0069_0128_0048_0048.jpg 1 69 128 48 48
0084_0054_0043_0086_0086.jpg 1 54 43 86 86
0085_0094_0058_0070_0070.jpg 1 94 58 70 70
0086_0047_0059_0130_0130.jpg 1 47 59 130 130
0087_0057_0043_0119_0119.jpg 1 57 43 119 119
0088_0051_0044_0105_0105.jpg 1 51 44 105 105
0089_0106_0105_0070_0070.jpg 1 106 105 70 70
0090_0057_0011_0096_0096.jpg 1 57 11 96 96
0091_0093_0050_0057_0057.jpg 1 93 50 57 57
0092_0031_0026_0099_0099.jpg 1 31 26 99 99
0093_0041_0061_0118_0118.jpg 1 41 61 118 118
0094_0040_0034_0130_0130.jpg 1 40 34 130 130
0095_0047_0044_0111_0111.jpg 1 47 44 111 111
0096_0084_0068_0048_0048.jpg 1 84 68 48 48
0097_0096_0036_0061_0061.jpg 1 96 36 61 61
0098_0100_0080_0073_0073.jpg 1 100 80 73 73
0099_0058_0047_0123_0123.jpg 1 58 47 123 123
0100_0015_0022_0134_0134.jpg 1 15 22 134 134
0101_0108_0101_0072_0072.jpg 1 108 101 72 72
0102_0072_0076_0054_0054.jpg 1 72 76 54 54
0103_0036_0021_0110_0110.jpg 1 36 21 110 110
0104_0050_0017_0069_0069.jpg 1 50 17 69 69
0105_0008_0053_0132_0132.jpg 1 8 53 132 132
0106_0075_0051_0103_0103.jpg 1 75 51 103 103
0107_0052_0068_0119_0119.jpg 1 52 68 119 119
0108_0033_0011_0104_0104.jpg 1 33 11 104 104
0109_0092_0042_0067_0067.jpg 1 92 42 67 67
0110_0076_0044_0073_0073.jpg 1 76 44 73 73
0111_0022_0022_0122_0122.jpg 1 22 22 122 122
0112_0024_0046_0135_0135.jpg 1 24 46 135 135
0113_0094_0084_0051_0051.jpg 1 94 84 51 51
0114_0036_0068_0080_0080.jpg 1 36 68 80 80
0115_0124_0041_0050_0050.jpg 1 124 41 50 50
0116_0080_0075_0085_0085.jpg 1 80 75 85 85
0117_0046_0016_0132_0132.jpg 1 46 16 132 132
0118_0128_0087_0049_0049.jpg 1 128 87 49 49
0119_0075_0048_0105_0105.jpg 1 75 48 105 105
0120_0117_0093_0067_0067.jpg 1 117 93 67 67
0121_0025_0093_0077_0077.jpg 1 25 93 77 77
0122_0048_0030_0134_0134.jpg 1 48 30 134 134
0123_0035_0073_0076_0076.jpg 1 35 73 76 76
0124_0028_0019_0139_0139.jpg 1 28 19 139 139
0125_0050_0049_0076_0076.jpg 1 50 49 76 76
0126_0041_0024_0087_0087.jpg 1 41 24 87 87
0127_0108_0117_0057_0057.jpg 1 108 117 57 57
0128_0032_0014_0096_0096.jpg 1 32 14 96 96
0129_0093_0087_0074_0074.jpg 1 93 87 74 74
0130_0031_0017_0137_0137.jpg 1 31 17 137 137
0131_0009_0055_0117_0117.jpg 1 9 55 117 117
0132_0039_0010_0112_0112.jpg 1 39 10 112 112
0133_0051_0065_0116_0116.jpg 1 51 65 116 116
0134_0081_0037_0060_0060.jpg 1 81 37 60 60
0135_0042_0088_0081_0081.jpg 1 42 88 81 81
0136_0021_0017_0110_0110.jpg 1 21 17 110 110
0137_0070_0016_0105_0105.jpg 1 70 16 105 105
0138_0018_0046_0081_0081.jpg 1 18 46 81 81
0139_0007_0068_0123_0123.jpg 1 7 68 123 123
0140_0049_0013_0063_0063.jpg 1 49 13 63 63
0141_0027_0024_0135_0135.jpg 1 27 24 135 135
0142_0109_0041_0071_0071.jpg 1 109 41 71 71
0143_0031_0071_0069_0069.jpg 1 31 71 69 69
0144_0016_0056_0100_0100.jpg 1 16 56 100 100
0145_0055_0021_0091_0091.jpg 1 55 21 91 91
0146_0013_0076_0105_0105.jpg 1 13 76 105 105
0147_0054_0051_0064_0064.jpg 1 54 51 64 64
0148_0051_0047_0104_0104.jpg 1 51 47 104 104
0149_0038_0064_0106_0106.jpg 1 38 64 106 106
0150_0061_0101_0073_0073.jpg 1 61 101 73 73
0151_0014_0016_0139_0139.jpg 1 14 16 139 139
0152_0023_0093_0057_0057.jpg 1 23 93 57 57
0153_0011_0009_0138_0138.jpg 1 11 9 138 138
0154_0008_0059_0124_0124.jpg 1 8 59 124 124
0155_0081_0014_0094_0094.jpg 1 81 14 94 94
0156_0093_0028_0087_0087.jpg 1 93 28 87 87
0157_0014_0067_0096_0096.jpg 1 14 67 96 96
0158_0078_0083_0098_0098.jpg 1 78 83 98 98
0159_0088_0039_0098_0098.jpg 1 88 39 98 98
0160_0040_0043_0135_0135.jpg 1 40 43 135 135
0161_0050_0050_0080_0080.jpg 1 50 50 80 80
0162_0062_0014_0126_0126.jpg 1 62 14 126 126
0163_0065_0035_0114_0114.jpg 1 65 35 114 114
0164_0018_0075_0111_0111.jpg 1 18 75 111 111
0165_0014_0093_0079_0079.jpg 1 14 93 79 79
0166_0090_0078_0048_0048.jpg 1 90 78 48 48
0167_0014_0061_0130_0130.jpg 1 14 61 130 130
0168_0065_0053_0092_0092.jpg 1 65 53 92 92
0169_0010_0010_0121_0121.jpg 1 10 10 121 121
0170_0105_0079_0069_0069.jpg 1 105 79 69 69
0171_0016_0057_0118_0118.jpg 1 16 57 118 118
0172_0085_0032_0066_0066.jpg 1 85 32 66 66
0173_0049_0070_0110_0110.jpg 1 49 70 110 110
0174_0099_0029_0073_0073.jpg 1 99 29 73 73
0175_0052_0033_0072_0072.jpg 1 52 33 72 72
0176_0089_0073_0049_0049.jpg 1 89 73 49 49
0177_0047_0006_0139_0139.jpg 1 47 6 139 139
0178_0085_0031_0065_0065.jpg 1 85 31 65 65
0179_0050_0062_0063_0063.jpg 1 50 62 63 63
0180_0052_0062_0114_0114.jpg 1 52 62 114 114
0181_0032_0034_0138_0138.jpg 1 32 34 138 138
0182_0030_0028_0048_0048.jpg 1 30 28 48 48
0183_0035_0068_0115_0115.jpg 1 35 68 115 115
0184_0049_0068_0113_0113.jpg 1 49 68 113 113
0185_0055_0056_0056_0056.jpg 1 55 56 56 56
0186_0033_0087_0101_0101.jpg 1 33 87 101 101
0187_0077_0099_0072_0072.jpg 1 77 99 72 72
0188_0046_0039_0118_0118.jpg 1 46 39 118 118
0189_0039_0045_0123_0123.jpg 1 39 45 123 123
0190_0070_0033_0107_0107.jpg 1 70 33 107 107
0191_0061_0019_0063_0063.jpg 1 61 19 63 63
0192_0015_0103_0061_0061.jpg 1 15 103 61 61
0193_0021_0056_0136_0136.jpg 1 21 56 136 136
0194_0036_0053_0076_0076.jpg 1 36 53 76 76
0195_0022_0046_0073_0073.jpg 1 22 46 73 73
0196_0095_0066_0090_0090.jpg 1 95 66 90 90
0197_0037_0012_0138_0138.jpg 1 37 12 138 138
0198_0042_0112_0066_0066.jpg 1 42 112 66 66
0199_0091_0068_0069_0069.jpg 1 91 68 69 69
0200_0015_0021_0134_0134.jpg 1 15 21 134 134
0201_0053_0074_0112_0112.jpg 1 53 74 112 112
0202_0014_0059_0125_0125.jpg 1 14 59 125 125
0203_0116_0061_0067_0067.jpg 1 116 61 67 67
0204_0026_0032_0079_0079.jpg 1 26 32 79 79
0205_0045_0022_0129_0129.jpg 1 45 22 129 129
0206_0065_0064_0117_0117.jpg 1 65 64 117 117
0207_0047_0026_0072_0072.jpg 1 47 26 72 72
0208_0021_0070_0066_0066.jpg 1 21 70 66 66
0209_0056_0081_0091_0091.jpg 1 56 81 91 91
0210_0065_0055_0115_0115.jpg 1 65 55 115 115
0211_0069_0078_0056_0056.jpg 1 69 78 56 56
0212_0054_0064_0120_0120.jpg 1 54 64 120 120
0213_0042_0037_0100_0100.jpg 1 42 37 100 100
0214_0023_0031_0135_0135.jpg 1 23 31 135 135
0215_0014_0014_0100_0100.jpg 1 14 14 100 100
0216_0071_0066_0094_0094.jpg 1 71 66 94 94
0217_0054_0020_0083_0083.jpg 1 54 20 83 83
0218_0058_0049_0059_0059.jpg 1 58 49 59 59
0219_0051_0013_0129_0129.jpg 1 51 13 129 129
0220_0020_0089_0053_0053.jpg 1 20 89 53 53
0221_0069_0066_0111_0111.jpg 1 69 66 111 111
0222_0041_0040_0135_0135.jpg 1 41 40 135 135
0223_0023_0061_0073_0073.jpg 1 23 61 73 73
0224_0053_0017_0094_0094.jpg 1 53 17 94 94
0225_0110_0115_0054_0054.jpg 1 110 115 54 54
0226_0077_0111_0053_0053.jpg 1 77 111 53 53
0227_0060_0044_0129_0129.jpg 1 60 44 129 129
0228_0059_0063_0076_0076.jpg 1 59 63 76 76
0229_0034_0056_0083_0083.jpg 1 34 56 83 83
0230_0057_0048_0085_0085.jpg 1 57 48 85 85
0231_0093_0054_0059_0059.jpg 1 93 54 59 59
0232_0033_0071_0076_0076.jpg 1 33 71 76 76
0233_0052_0064_0103_0103.jpg 1 52 64 103 103
0234_0082_0081_0065_0065.jpg 1 82 81 65 65
0235_0039_0022_0066_0066.jpg 1 39 22 66 66
0236_0022_0014_0081_0081.jpg 1 22 14 81 81
0237_0031_0075_0089_0089.jpg 1 31 75 89 89
0238_0089_0023_0089_0089.jpg 1 89 23 89 89
0239_0116_0019_0057_0057.jpg 1 116 19 57 57
0240_0041_0059_0105_0105.jpg 1 41 59 105 105
0241_0060_0049_0098_0098.jpg 1 60 49 98 98
0242_0065_0119_0067_0067.jpg 1 65 119 67 67
0243_0040_0039_0084_0084.jpg 1 40 39 84 84
0244_0021_0019_0131_0131.jpg 1 21 19 131 131
0245_0105_0035_0065_0065.jpg 1 105 35 65 65
0246_0030_0106_0079_0079.jpg 1 30 106 79 79
0247_0044_0041_0118_0118.jpg 1 44 41 118 118
0248_0093_0040_0093_0093.jpg 1 93 40 93 93
0249_0027_0021_0130_0130.jpg 1 27 21 130 130
0250_0087_0062_0057_0057.jpg 1 87 62 57 57
0251_0024_0044_0129_0129.jpg 1 24 44 129 129
0252_0040_0027_0051_0051.jpg 1 40 27 51 51
0253_0039_0008_0138_0138.jpg 1 39 8 138 138
0254_0031_0096_0091_0091.jpg 1 31 96 91 91
0255_0055_0094_0090_0090.jpg 1 55 94 90 90
0256_0123_0068_0060_0060.jpg 1 123 68 60 60
