0001_0051_0100_0082_0082.jpg 1 51 100 82 82
0002_0045_0052_0091_0091.jpg 1 45 52 91 91
0003_0051_0047_0137_0137.jpg 1 51 47 137 137
0004_0044_0073_0088_0088.jpg 1 44 73 88 88
0005_0086_0129_0052_0052.jpg 1 86 129 52 52
0006_0051_0043_0137_0137.jpg 1 51 43 137 137
0007_0103_0110_0073_0073.jpg 1 103 110 73 73
0008_0074_0028_0101_0101.jpg 1 74 28 101 101
0009_0055_0025_0111_0111.jpg 1 55 25 111 111
0010_0023_0053_0121_0121.jpg 1 23 53 121 121
0011_0052_0087_0082_0082.jpg 1 52 87 82 82
0012_0050_0054_0105_0105.jpg 1 50 54 105 105
0013_0078_0058_0068_0068.jpg 1 78 58 68 68
0014_0101_0101_0064_0064.jpg 1 101 101 64 64
0015_0082_0044_0078_0078.jpg 1 82 44 78 78
0016_0086_0098_0057_0057.jpg 1 86 98 57 57
0017_0012_0022_0121_0121.jpg 1 12 22 121 121
0018_0061_0084_0102_0102.jpg 1 61 84 102 102
0019_0063_0060_0101_0101.jpg 1 63 60 101 101
0020_0104_0105_0048_0048.jpg 1 104 105 48 48
0021_0043_0050_0131_0131.jpg 1 43 50 131 131
0022_0016_0014_0103_0103.jpg 1 16 14 103 103
0023_0057_0010_0122_0122.jpg 1 57 10 122 122
0024_0064_0043_0125_0125.jpg 1 64 43 125 125
0025_0036_0085_0049_0049.jpg 1 36 85 49 49
0026_0018_0016_0123_0123.jpg 1 18 16 123 123
0027_0093_0092_0069_0069.jpg 1 93 92 69 69
0028_0014_0057_0133_0133.jpg 1 14 57 133 133
0029_0089_0082_0078_0078.jpg 1 89 82 78 78
0030_0056_0026_0130_0130.jpg 1 56 26 130 130
0031_0038_0055_0078_0078.jpg 1 38 55 78 78
0032_0084_0083_0054_0054.jpg 1 84 83 54 54
0033_0050_0073_0068_0068.jpg 1 50 73 68 68
0034_0097_0020_0070_0070.jpg 1 97 20 70 70
0035_0046_0020_0135_0135.jpg 1 46 20 135 135
0036_0069_0080_0092_0092.jpg 1 69 80 92 92
0037_0035_0069_0110_0110.jpg 1 35 69 110 110
0038_0117_0098_0068_0068.jpg 1 117 98 68 68
0039_0010_0056_0117_0117.jpg 1 10 56 117 117
0040_0095_0065_0076_0076.jpg 1 95 65 76 76
0041_0055_0101_0085_0085.jpg 1 55 101 85 85
0042_0047_0036_0086_0086.jpg 1 47 36 86 86
0043_0040_0069_0080_0080.jpg 1 40 69 80 80
0044_0075_0045_0112_0112.jpg 1 75 45 112 112
0045_0053_0065_0122_0122.jpg 1 53 65 122 122
0046_0064_0033_0115_0115.jpg 1 64 33 115 115
0047_0077_0105_0058_0058.jpg 1 77 105 58 58
0048_0075_0054_0055_0055.jpg 1 75 54 55 55
0049_0041_0022_0138_0138.jpg 1 41 22 138 138
0050_0052_0047_0108_0108.jpg 1 52 47 108 108
0051_0019_0023_0119_0119.jpg 1 19 23 119 119
0052_0077_0100_0058_0058.jpg 1 77 100 58 58
0053_0077_0032_0060_0060.jpg 1 77 32 60 60
0054_0034_0070_0083_0083.jpg 1 34 70 83 83
0055_0047_0067_0085_0085.jpg 1 47 67 85 85
0056_0018_0091_0056_0056.jpg 1 18 91 56 56
0057_0024_0051_0137_0137.jpg 1 24 51 137 137
0058_0057_0060_0124_0124.jpg 1 57 60 124 124
0059_0041_0041_0130_0130.jpg 1 41 41 130 130
0060_0035_0056_0114_0114.jpg 1 35 56 114 114
0061_0060_0049_0112_0112.jpg 1 60 49 112 112
0062_0030_0100_0067_0067.jpg 1 30 100 67 67
0063_0043_0053_0109_0109.jpg 1 43 53 109 109
0064_0034_0092_0092_0092.jpg 1 34 92 92 92
0065_0025_0049_0114_0114.jpg 1 25 49 114 114
0066_0063_0032_0118_0118.jpg 1 63 32 118 118
0067_0036_0055_0127_0127.jpg 1 36 55 127 127
0068_0015_0056_0130_0130.jpg 1 15 56 130 130
0069_0016_0033_0089_0089.jpg 1 16 33 89 89
0070_0097_0049_0089_0089.jpg 1 97 49 89 89
0071_0069_0030_0083_0083.jpg 1 69 30 83 83
0072_0021_0039_0058_0058.jpg 1 21 39 58 58
0073_0054_0091_0064_0064.jpg 1 54 91 64 64
0074_0022_0087_0068_0068.jpg 1 22 87 68 68
0075_0068_0065_0116_0116.jpg 1 68 65 116 116
0076_0029_0020_0127_0127.jpg 1 29 20 127 127
0077_0127_0119_0052_0052.jpg 1 127 119 52 52
0078_0050_0068_0057_0057.jpg 1 50 68 57 57
0079_0076_0044_0106_0106.jpg 1 76 44 106 106
0080_0065_0026_0118_0118.jpg 1 65 26 118 118
0081_0059_0134_0050_0050.jpg 1 59 134 50 50
0082_0050_0094_0086_0086.jpg 1 50 94 86 86
0083_0071_0121_0058_0058.jpg 1 71 121 58 58
0084_0055_0050_0130_0130.jpg 1 55 50 130 130
0085_0025_0060_0085_0085.jpg 1 25 60 85 85
0086_0020_0062_0061_0061.jpg 1 20 62 61 61
0087_0034_0014_0082_0082.jpg 1 34 14 82 82
0088_0020_0113_0053_0053.jpg 1 20 113 53 53
0089_0072_0010_0112_0112.jpg 1 72 10 112 112
0090_0066_0038_0076_0076.jpg 1 66 38 76 76
0091_0040_0106_0059_0059.jpg 1 40 106 59 59
0092_0080_0026_0090_0090.jpg 1 80 26 90 90
0093_0038_0033_0050_0050.jpg 1 38 33 50 50
0094_0046_0054_0131_0131.jpg 1 46 54 131 131
0095_0031_0125_0058_0058.jpg 1 31 125 58 58
0096_0032_0017_0139_0139.jpg 1 32 17 139 139
0097_0061_0093_0048_0048.jpg 1 61 93 48 48
0098_0048_0052_0055_0055.jpg 1 48 52 55 55
0099_0015_0073_0100_0100.jpg 1 15 73 100 100
0100_0014_0086_0093_0093.jpg 1 14 86 93 93
0101_0025_0052_0117_0117.jpg 1 25 52 117 117
0102_0080_0065_0090_0090.jpg 1 80 65 90 90
0103_0039_0010_0118_0118.jpg 1 39 10 118 118
0104_0103_0105_0070_0070.jpg 1 103 105 70 70
0105_0043_0058_0131_0131.jpg 1 43 58 131 131
0106_0015_0026_0117_0117.jpg 1 15 26 117 117
0107_0095_0059_0055_0055.jpg 1 95 59 55 55
0108_0056_0052_0112_0112.jpg 1 56 52 112 112
0109_0112_0067_0053_0053.jpg 1 112 67 53 53
0110_0031_0024_0097_0097.jpg 1 31 24 97 97
0111_0009_0050_0139_0139.jpg 1 9 50 139 139
0112_0034_0077_0083_0083.jpg 1 34 77 83 83
0113_0014_0074_0087_0087.jpg 1 14 74 87 87
0114_0097_0114_0051_0051.jpg 1 97 114 51 51
0115_0022_0032_0100_0100.jpg 1 22 32 100 100
0116_0027_0029_0053_0053.jpg 1 27 29 53 53
0117_0034_0065_0107_0107.jpg 1 34 65 107 107
0118_0014_0049_0132_0132.jpg 1 14 49 132 132
0119_0042_0022_0059_0059.jpg 1 42 22 59 59
0120_0024_0054_0119_0119.jpg 1 24 54 119 119
0121_0088_0070_0078_0078.jpg 1 88 70 78 78
0122_0053_0072_0101_0101.jpg 1 53 72 101 101
0123_0061_0017_0106_0106.jpg 1 61 17 106 106
0124_0031_0049_0074_0074.jpg 1 31 49 74 74
0125_0019_0048_0115_0115.jpg 1 19 48 115 115
0126_0107_0105_0074_0074.jpg 1 107 105 74 74
0127_0084_0089_0080_0080.jpg 1 84 89 80 80
0128_0043_0063_0060_0060.jpg 1 43 63 60 60
0129_0063_0039_0101_0101.jpg 1 63 39 101 101
0130_0016_0027_0139_0139.jpg 1 16 27 139 139
0131_0032_0012_0087_0087.jpg 1 32 12 87 87
0132_0025_0051_0112_0112.jpg 1 25 51 112 112
0133_0077_0074_0084_0084.jpg 1 77 74 84 84
0134_0079_0091_0096_0096.jpg 1 79 91 96 96
0135_0019_0092_0051_0051.jpg 1 19 92 51 51
0136_0017_0015_0108_0108.jpg 1 17 15 108 108
0137_0100_0085_0078_0078.jpg 1 100 85 78 78
0138_0017_0032_0134_0134.jpg 1 17 32 134 134
0139_0036_0010_0139_0139.jpg 1 36 10 139 139
0140_0010_0029_0137_0137.jpg 1 10 29 137 137
0141_0064_0044_0071_0071.jpg 1 64 44 71 71
0142_0012_0027_0114_0114.jpg 1 12 27 114 114
0143_0067_0017_0104_0104.jpg 1 67 17 104 104
0144_0093_0028_0076_0076.jpg 1 93 28 76 76
0145_0051_0080_0065_0065.jpg 1 51 80 65 65
0146_0075_0073_0083_0083.jpg 1 75 73 83 83
0147_0008_0007_0129_0129.jpg 1 8 7 129 129
0148_0025_0035_0115_0115.jpg 1 25 35 115 115
0149_0027_0041_0090_0090.jpg 1 27 41 90 90
0150_0039_0083_0106_0106.jpg 1 39 83 106 106
0151_0077_0022_0102_0102.jpg 1 77 22 102 102
0152_0062_0035_0117_0117.jpg 1 62 35 117 117
0153_0042_0041_0112_0112.jpg 1 42 41 112 112
0154_0062_0023_0112_0112.jpg 1 62 23 112 112
0155_0017_0074_0104_0104.jpg 1 17 74 104 104
0156_0063_0039_0125_0125.jpg 1 63 39 125 125
0157_0015_0069_0112_0112.jpg 1 15 69 112 112
0158_0110_0016_0066_0066.jpg 1 110 16 66 66
0159_0067_0037_0070_0070.jpg 1 67 37 70 70
0160_0091_0094_0087_0087.jpg 1 91 94 87 87
0161_0037_0112_0061_0061.jpg 1 37 112 61 61
0162_0052_0047_0070_0070.jpg 1 52 47 70 70
0163_0030_0017_0129_0129.jpg 1 30 17 129 129
0164_0048_0074_0068_0068.jpg 1 48 74 68 68
0165_0070_0074_0111_0111.jpg 1 70 74 111 111
0166_0061_0042_0093_0093.jpg 1 61 42 93 93
0167_0056_0128_0054_0054.jpg 1 56 128 54 54
0168_0031_0049_0138_0138.jpg 1 31 49 138 138
0169_0033_0032_0119_0119.jpg 1 33 32 119 119
0170_0024_0043_0137_0137.jpg 1 24 43 137 137
0171_0078_0070_0108_0108.jpg 1 78 70 108 108
0172_0045_0070_0105_0105.jpg 1 45 70 105 105
0173_0059_0035_0114_0114.jpg 1 59 35 114 114
0174_0040_0078_0105_0105.jpg 1 40 78 105 105
0175_0069_0078_0070_0070.jpg 1 69 78 70 70
0176_0080_0042_0108_0108.jpg 1 80 42 108 108
0177_0071_0048_0111_0111.jpg 1 71 48 111 111
0178_0021_0081_0096_0096.jpg 1 21 81 96 96
0179_0024_0040_0120_0120.jpg 1 24 40 120 120
0180_0060_0039_0119_0119.jpg 1 60 39 119 119
0181_0043_0026_0135_0135.jpg 1 43 26 135 135
0182_0018_0120_0053_0053.jpg 1 18 120 53 53
0183_0018_0043_0104_0104.jpg 1 18 43 104 104
0184_0090_0018_0092_0092.jpg 1 90 18 92 92
0185_0053_0099_0059_0059.jpg 1 53 99 59 59
0186_0013_0058_0105_0105.jpg 1 13 58 105 105
0187_0064_0074_0055_0055.jpg 1 64 74 55 55
0188_0125_0016_0058_0058.jpg 1 125 16 58 58
0189_0015_0065_0117_0117.jpg 1 15 65 117 117
0190_0106_0025_0080_0080.jpg 1 106 25 80 80
0191_0019_0045_0089_0089.jpg 1 19 45 89 89
0192_0086_0084_0067_0067.jpg 1 86 84 67 67
0193_0056_0023_0125_0125.jpg 1 56 23 125 125
0194_0032_0047_0109_0109.jpg 1 32 47 109 109
0195_0048_0063_0129_0129.jpg 1 48 63 129 129
0196_0091_0013_0096_0096.jpg 1 91 13 96 96
0197_0023_0024_0133_0133.jpg 1 23 24 133 133
0198_0041_0043_0128_0128.jpg 1 41 43 128 128
0199_0085_0097_0054_0054.jpg 1 85 97 54 54
0200_0045_0064_0098_0098.jpg 1 45 64 98 98
0201_0017_0088_0072_0072.jpg 1 17 88 72 72
0202_0105_0057_0082_0082.jpg 1 105 57 82 82
0203_0013_0033_0130_0130.jpg 1 13 33 130 130
0204_0089_0088_0099_0099.jpg 1 89 88 99 99
0205_0015_0065_0077_0077.jpg 1 15 65 77 77
0206_0012_0020_0134_0134.jpg 1 12 20 134 134
0207_0065_0015_0097_0097.jpg 1 65 15 97 97
0208_0018_0008_0121_0121.jpg 1 18 8 121 121
0209_0012_0026_0115_0115.jpg 1 12 26 115 115
0210_0012_0063_0077_0077.jpg 1 12 63 77 77
0211_0050_0017_0135_0135.jpg 1 50 17 135 135
0212_0066_0048_0122_0122.jpg 1 66 48 122 122
0213_0030_0037_0087_0087.jpg 1 30 37 87 87
0214_0019_0047_0121_0121.jpg 1 19 47 121 121
0215_0043_0014_0128_0128.jpg 1 43 14 128 128
0216_0098_0025_0087_0087.jpg 1 98 25 87 87
0217_0054_0069_0080_0080.jpg 1 54 69 80 80
0218_0084_0022_0099_0099.jpg 1 84 22 99 99
0219_0029_0068_0076_0076.jpg 1 29 68 76 76
0220_0126_0048_0058_0058.jpg 1 126 48 58 58
0221_0081_0036_0096_0096.jpg 1 81 36 96 96
0222_0023_0032_0117_0117.jpg 1 23 32 117 117
0223_0069_0119_0058_0058.jpg 1 69 119 58 58
0224_0016_0109_0074_0074.jpg 1 16 109 74 74
0225_0063_0044_0100_0100.jpg 1 63 44 100 100
0226_0029_0065_0074_0074.jpg 1 29 65 74 74
0227_0083_0054_0096_0096.jpg 1 83 54 96 96
0228_0012_0048_0137_0137.jpg 1 12 48 137 137
0229_0061_0079_0070_0070.jpg 1 61 79 70 70
0230_0018_0013_0126_0126.jpg 1 18 13 126 126
0231_0093_0045_0066_0066.jpg 1 93 45 66 66
0232_0028_0088_0100_0100.jpg 1 28 88 100 100
0233_0081_0032_0083_0083.jpg 1 81 32 83 83
0234_0017_0045_0130_0130.jpg 1 17 45 130 130
0235_0062_0097_0062_0062.jpg 1 62 97 62 62
0236_0065_0037_0062_0062.jpg 1 65 37 62 62
0237_0050_0113_0066_0066.jpg 1 50 113 66 66
0238_0026_0059_0104_0104.jpg 1 26 59 104 104
0239_0024_0074_0085_0085.jpg 1 24 74 85 85
0240_0096_0084_0075_0075.jpg 1 96 84 75 75
0241_0056_0034_0129_0129.jpg 1 56 34 129 129
0242_0026_0059_0120_0120.jpg 1 26 59 120 120
0243_0064_0020_0109_0109.jpg 1 64 20 109 109
0244_0073_0123_0054_0054.jpg 1 73 123 54 54
0245_0037_0019_0130_0130.jpg 1 37 19 130 130
0246_0095_0067_0080_0080.jpg 1 95 67 80 80
0247_0034_0027_0135_0135.jpg 1 34 27 135 135
0248_0083_0116_0070_0070.jpg 1 83 116 70 70
0249_0064_0091_0050_0050.jpg 1 64 91 50 50
0250_0054_0045_0122_0122.jpg 1 54 45 122 122
0251_0029_0060_0093_0093.jpg 1 29 60 93 93
0252_0049_0067_0114_0114.jpg 1 49 67 114 114
0253_0037_0075_0088_0088.jpg 1 37 75 88 88
0254_0094_0086_0080_0080.jpg 1 94 86 80 80
0255_0043_0033_0138_0138.jpg 1 43 33 138 138
0256_0050_0118_0060_0060.jpg 1 50 118 60 60
